6287,529584.978,5074168.937
6287,529583.385,5074150.620
6287,529491.354,5074175.000
6287,529500.973,5074199.000
6296,529600.649,5074241.000
6296,529594.283,5074243.000
6296,529480.412,5074324.000
6296,529541.869,5074337.000
6296,529541.869,5074336.000
6296,529542.254,5074336.000
6296,529546.869,5074332.000
6296,529546.869,5074331.000
6296,529547.126,5074331.000
6296,529551.869,5074326.000
6296,529551.869,5074326.000
6296,529551.998,5074326.000
6296,529556.869,5074321.000
6296,529561.869,5074321.000
6296,529571.869,5074321.000
6296,529596.869,5074281.000
6296,529596.869,5074256.000
6296,529600.649,5074241.000
10506,528028.426,5074814.389
10506,527954.494,5074789.919
10506,527946.685,5074837.298
10506,528009.627,5074863.764
10507,528040.401,5074752.433
10507,527960.131,5074733.274
10507,527961.516,5074754.000
10507,528039.359,5074774.300
10509,528098.713,5074711.822
10509,528070.077,5074765.449
10509,528111.994,5074778.271
10509,528133.596,5074761.284
10509,528123.183,5074732.648
10562,529158.545,5073624.000
10562,529103.800,5073612.000
10562,529096.395,5073632.000
10562,529096.515,5073633.000
10562,529133.038,5073635.000
10562,529158.545,5073624.000
25030,529949.563,5072489.785
25030,529974.704,5072484.413
25030,529967.605,5072427.148
25030,529946.308,5072418.156
25030,529923.118,5072395.912
25031,529936.842,5072442.293
25031,529928.324,5072421.942
25031,529874.371,5072434.247
25031,529886.203,5072465.956
25032,529908.446,5072492.459
25032,529948.101,5072490.516
25032,529934.476,5072446.079
25032,529885.730,5072467.376
25032,529897.088,5072497.192
25033,529896.615,5072498.611
25033,529872.579,5072434.000
25033,529847.242,5072445.000
25033,529872.951,5072499.558
25034,529873.425,5072500.504
25034,529854.494,5072462.643
25034,529831.304,5072463.590
25034,529815.828,5072466.000
25034,529810.953,5072486.780
25034,529837.456,5072498.138
25035,529815.828,5072466.000
25035,529791.549,5072447.025
25035,529776.878,5072464.536
25035,529810.007,5072487.253
25035,529815.828,5072466.000
25036,529748.009,5072436.140
25036,529774.985,5072389.760
25036,529703.048,5072402.538
25037,529765.046,5072487.726
25037,529758.894,5072455.544
25037,529700.209,5072460.277
25037,529685.064,5072485.833
25037,529704.941,5072509.023
25037,529731.444,5072498.611
25038,529579.525,5072606.043
25038,529660.454,5072561.556
25038,529647.367,5072542.000
25038,529554.491,5072592.000
25038,529568.167,5072601.311
25039,529671.812,5072527.481
25039,529649.569,5072494.352
25039,529605.082,5072478.261
25039,529571.953,5072518.015
25039,529554.491,5072592.000
25040,529460.735,5072564.396
25040,529428.079,5072565.815
25040,529354.250,5072588.059
25040,529350.937,5072599.417
25040,529461.681,5072607.463
25041,529848.341,5072445.605
25041,529839.349,5072433.774
25041,529810.953,5072412.950
25041,529790.603,5072447.498
25041,529815.828,5072466.000
25041,529854.494,5072462.170
25042,529839.043,5072401.000
25042,529820.892,5072403.958
25042,529810.953,5072413.423
25042,529839.823,5072434.720
25042,529839.043,5072401.000
25043,529872.579,5072434.000
25043,529869.165,5072413.423
25043,529838.403,5072409.164
25043,529839.823,5072433.774
25043,529848.815,5072443.712
25043,529872.579,5072434.000
25045,529270.256,5073295.000
25045,529266.869,5073291.000
25045,529261.869,5073286.000
25045,529256.869,5073281.000
25045,529251.869,5073276.000
25045,529246.869,5073271.000
25045,529241.869,5073266.000
25045,529231.869,5073271.000
25045,529226.869,5073271.000
25045,529171.869,5073261.000
25045,529146.869,5073261.000
25045,529141.869,5073266.000
25045,529038.653,5073291.313
25045,529080.861,5073348.653
25045,529127.848,5073327.947
25045,529233.319,5073421.000
25045,529270.256,5073295.000
25046,529127.052,5073327.947
25046,529080.861,5073350.246
25046,529128.463,5073402.000
25046,529257.739,5073490.000
25046,529233.319,5073421.000
25047,529283.735,5073526.000
25047,529257.739,5073490.000
25047,529128.463,5073402.000
25047,529105.127,5073462.000
25047,529107.400,5073470.000
25047,529281.869,5073532.000
25047,529281.869,5073531.000
25047,529283.735,5073526.000
25048,529281.869,5073543.000
25048,529281.869,5073532.000
25048,529107.400,5073470.000
25048,529098.888,5073516.000
25048,529117.825,5073547.000
25048,529281.869,5073543.000
25049,529258.457,5073644.911
25049,529281.869,5073596.000
25049,529281.869,5073543.000
25049,529117.825,5073547.000
25049,529112.591,5073571.000
25049,529201.295,5073627.000
25050,529112.591,5073571.000
25050,529102.287,5073586.000
25050,529101.559,5073588.000
25050,529103.800,5073612.000
25050,529158.545,5073624.000
25050,529201.295,5073627.000
25050,529112.591,5073571.000
25051,529257.660,5073644.911
25051,529201.295,5073627.000
25051,529158.545,5073624.000
25051,529133.038,5073635.000
25051,529131.391,5073637.000
25051,529132.964,5073655.000
25051,529250.493,5073669.599
25052,529131.391,5073637.000
25052,529133.038,5073635.000
25052,529096.515,5073633.000
25052,529097.577,5073641.000
25052,529105.734,5073650.000
25052,529131.391,5073637.000
25053,529250.493,5073669.599
25053,529132.964,5073655.000
25053,529113.606,5073654.000
25053,529120.062,5073670.000
25053,529131.648,5073676.000
25053,529247.307,5073687.120
25054,529127.848,5073675.970
25054,529122.629,5073683.000
25054,529118.087,5073685.000
25054,529111.876,5073699.000
25054,529250.493,5073698.269
25054,529247.307,5073685.527
25055,529127.170,5073681.000
25055,529127.224,5073678.000
25055,529119.669,5073680.000
25055,529118.087,5073685.000
25055,529127.170,5073681.000
25057,529226.601,5073734.903
25057,529107.415,5073730.000
25057,529106.049,5073749.000
25057,529220.230,5073760.388
25058,529220.720,5073778.000
25058,529221.026,5073759.592
25058,529106.049,5073749.000
25058,529102.509,5073761.000
25058,529208.122,5073780.000
25058,529220.720,5073778.000
25059,529191.702,5073784.000
25059,529208.122,5073780.000
25059,529102.509,5073761.000
25059,529085.485,5073780.000
25059,529083.308,5073796.000
25059,529191.702,5073784.000
25060,529191.702,5073784.000
25060,529083.308,5073796.000
25060,529082.394,5073798.000
25060,529079.756,5073807.000
25060,529088.662,5073815.000
25060,529097.902,5073822.000
25060,529112.668,5073830.000
25060,529191.702,5073784.000
25061,529157.385,5073833.000
25061,529124.654,5073838.000
25061,529134.311,5073851.000
25061,529157.385,5073833.000
25062,529137.323,5073884.000
25062,529139.553,5073873.000
25062,529134.311,5073851.000
25062,529124.654,5073838.000
25062,529114.631,5073833.000
25062,529112.653,5073873.000
25062,529121.892,5073885.000
25062,529137.323,5073884.000
25063,529114.631,5073833.000
25063,529112.668,5073830.000
25063,529097.902,5073822.000
25063,529098.987,5073867.000
25063,529112.653,5073873.000
25063,529114.631,5073833.000
25064,529089.262,5073865.000
25064,529088.662,5073815.000
25064,529079.756,5073807.000
25064,529077.704,5073808.000
25064,529074.178,5073868.000
25064,529089.262,5073865.000
25065,529074.178,5073868.000
25065,529077.704,5073808.000
25065,529069.626,5073811.000
25065,529057.754,5073832.000
25065,529054.982,5073883.000
25065,529055.685,5073883.000
25065,529074.178,5073868.000
25066,529057.754,5073832.000
25066,529069.626,5073811.000
25066,529031.098,5073808.000
25066,529029.321,5073809.000
25066,529022.441,5073815.000
25066,529022.022,5073835.000
25066,529038.209,5073844.000
25066,529057.754,5073832.000
25067,529077.704,5073808.000
25067,529079.756,5073807.000
25067,529082.394,5073798.000
25067,529025.784,5073761.000
25067,529025.695,5073761.000
25067,529031.098,5073808.000
25067,529069.626,5073811.000
25067,529077.704,5073808.000
25068,529083.308,5073796.000
25068,529085.485,5073780.000
25068,529081.666,5073774.000
25068,529051.393,5073757.000
25068,529026.357,5073758.000
25068,529025.784,5073761.000
25068,529082.394,5073798.000
25068,529083.308,5073796.000
25069,529071.214,5073717.000
25069,529064.257,5073717.000
25069,529054.037,5073721.000
25069,529056.388,5073748.000
25069,529074.954,5073753.000
25069,529071.214,5073717.000
25070,529051.393,5073757.000
25070,529056.388,5073748.000
25070,529054.037,5073721.000
25070,529049.382,5073722.000
25070,529036.154,5073726.000
25070,529023.229,5073733.000
25070,529022.291,5073736.000
25070,529026.357,5073758.000
25070,529051.393,5073757.000
25071,529102.509,5073761.000
25071,529106.049,5073749.000
25071,529107.415,5073730.000
25071,529093.316,5073710.000
25071,529082.439,5073710.000
25071,529071.214,5073717.000
25071,529074.954,5073753.000
25071,529081.666,5073774.000
25071,529085.485,5073780.000
25071,529102.509,5073761.000
25072,529012.298,5073769.000
25072,528989.939,5073774.000
25072,528988.026,5073788.000
25072,529010.860,5073789.000
25072,529012.298,5073769.000
25073,529020.327,5073838.000
25073,529022.022,5073835.000
25073,529022.441,5073815.000
25073,528975.320,5073817.000
25073,528973.301,5073818.000
25073,528983.547,5073831.000
25073,529003.708,5073843.000
25073,529020.327,5073838.000
25074,529013.539,5073794.000
25074,529010.860,5073789.000
25074,528988.026,5073788.000
25074,528986.101,5073794.000
25074,529013.539,5073794.000
25075,528973.301,5073818.000
25075,528975.320,5073817.000
25075,528986.101,5073794.000
25075,528988.026,5073788.000
25075,528989.939,5073774.000
25075,528968.746,5073749.000
25075,528967.924,5073749.000
25075,528926.829,5073775.000
25075,528930.102,5073790.000
25075,528945.625,5073811.000
25075,528950.657,5073816.000
25075,528956.353,5073819.000
25075,528961.093,5073819.000
25075,528973.301,5073818.000
25076,529012.298,5073769.000
25076,529025.695,5073761.000
25076,529025.784,5073761.000
25076,529026.357,5073758.000
25076,529022.291,5073736.000
25076,528968.746,5073749.000
25076,528989.939,5073774.000
25076,529012.298,5073769.000
25077,529022.291,5073736.000
25077,529023.229,5073733.000
25077,529009.448,5073715.000
25077,528969.785,5073732.000
25077,528967.332,5073741.000
25077,528967.924,5073749.000
25077,528968.746,5073749.000
25077,529022.291,5073736.000
25078,529009.448,5073715.000
25078,529003.571,5073702.000
25078,528988.289,5073698.000
25078,528976.180,5073701.000
25078,528970.404,5073714.000
25078,528969.785,5073732.000
25078,529009.448,5073715.000
25079,529036.154,5073726.000
25079,529030.053,5073693.000
25079,529009.488,5073694.000
25079,529003.571,5073702.000
25079,529009.448,5073715.000
25079,529023.229,5073733.000
25079,529036.154,5073726.000
25080,529049.382,5073722.000
25080,529036.867,5073689.000
25080,529035.627,5073689.000
25080,529030.053,5073693.000
25080,529036.154,5073726.000
25080,529049.382,5073722.000
25081,529054.037,5073721.000
25081,529064.257,5073717.000
25081,529047.309,5073690.000
25081,529036.867,5073689.000
25081,529049.382,5073722.000
25081,529054.037,5073721.000
25082,529071.214,5073717.000
25082,529082.439,5073710.000
25082,529063.387,5073668.000
25082,529062.719,5073668.000
25082,529047.309,5073690.000
25082,529064.257,5073717.000
25082,529071.214,5073717.000
25083,529093.316,5073710.000
25083,529099.117,5073704.000
25083,529099.409,5073682.000
25083,529070.945,5073664.000
25083,529063.387,5073668.000
25083,529082.439,5073710.000
25083,529093.316,5073710.000
25084,529111.876,5073699.000
25084,529118.087,5073685.000
25084,529119.669,5073680.000
25084,529120.062,5073670.000
25084,529113.606,5073654.000
25084,529105.948,5073651.000
25084,529099.409,5073682.000
25084,529099.117,5073704.000
25084,529111.876,5073699.000
25085,529105.948,5073651.000
25085,529105.734,5073650.000
25085,529097.577,5073641.000
25085,529070.945,5073664.000
25085,529099.409,5073682.000
25085,529105.948,5073651.000
25086,529070.945,5073664.000
25086,529097.577,5073641.000
25086,529096.515,5073633.000
25086,529096.395,5073632.000
25086,529051.808,5073625.000
25086,529059.070,5073666.000
25086,529062.719,5073668.000
25086,529063.387,5073668.000
25086,529070.945,5073664.000
25087,529051.808,5073625.000
25087,529048.694,5073623.000
25087,529047.784,5073624.000
25087,529031.723,5073644.000
25087,529029.578,5073664.000
25087,529033.101,5073666.000
25087,529059.070,5073666.000
25087,529051.808,5073625.000
25088,529029.578,5073664.000
25088,529031.723,5073644.000
25088,529005.070,5073632.000
25088,529005.496,5073662.000
25088,529014.064,5073667.000
25088,529029.578,5073664.000
25089,529047.784,5073624.000
25089,529018.210,5073621.000
25089,528999.541,5073620.000
25089,529005.070,5073632.000
25089,529031.723,5073644.000
25089,529047.784,5073624.000
25090,529048.694,5073623.000
25090,529048.176,5073599.000
25090,529039.589,5073588.000
25090,529018.210,5073621.000
25090,529047.784,5073624.000
25090,529048.694,5073623.000
25091,529005.496,5073662.000
25091,529005.070,5073632.000
25091,528999.541,5073620.000
25091,528975.840,5073600.000
25091,528968.935,5073643.000
25091,528978.030,5073660.000
25091,528987.576,5073664.000
25091,529005.496,5073662.000
25092,528913.272,5073671.000
25092,528968.935,5073643.000
25092,528975.840,5073600.000
25092,528968.604,5073580.000
25092,528937.448,5073573.000
25092,528816.766,5073625.000
25092,528854.900,5073670.000
25092,528870.370,5073682.000
25092,528873.659,5073682.000
25092,528913.272,5073671.000
25093,528978.030,5073660.000
25093,528968.935,5073643.000
25093,528913.272,5073671.000
25093,528967.429,5073674.000
25093,528978.030,5073660.000
25094,528967.429,5073674.000
25094,528913.272,5073671.000
25094,528873.659,5073682.000
25094,528889.055,5073687.000
25094,528968.567,5073694.000
25094,528967.429,5073674.000
25095,528976.180,5073701.000
25095,528968.567,5073694.000
25095,528889.055,5073687.000
25095,528919.873,5073703.000
25095,528970.404,5073714.000
25095,528976.180,5073701.000
25096,529062.719,5073668.000
25096,529059.070,5073666.000
25096,529033.101,5073666.000
25096,529035.627,5073689.000
25096,529036.867,5073689.000
25096,529047.309,5073690.000
25096,529062.719,5073668.000
25097,529030.053,5073693.000
25097,529035.627,5073689.000
25097,529033.101,5073666.000
25097,529029.578,5073664.000
25097,529014.064,5073667.000
25097,529009.488,5073694.000
25097,529030.053,5073693.000
25098,529009.488,5073694.000
25098,529014.064,5073667.000
25098,529005.496,5073662.000
25098,528987.576,5073664.000
25098,528988.289,5073698.000
25098,529003.571,5073702.000
25098,529009.488,5073694.000
25099,528988.289,5073698.000
25099,528987.576,5073664.000
25099,528978.030,5073660.000
25099,528967.429,5073674.000
25099,528968.567,5073694.000
25099,528976.180,5073701.000
25099,528988.289,5073698.000
25100,529055.685,5073883.000
25100,529054.982,5073883.000
25100,529036.076,5073871.000
25100,529020.683,5073868.000
25100,529007.643,5073872.000
25100,528994.752,5073880.000
25100,528993.391,5073881.000
25100,528997.396,5073903.000
25100,529062.469,5073925.000
25100,529055.685,5073883.000
25101,529069.286,5073937.000
25101,529062.469,5073925.000
25101,528997.396,5073903.000
25101,528994.450,5073907.000
25101,528975.611,5073943.000
25101,529067.555,5073945.000
25101,529069.286,5073937.000
25102,529067.854,5073950.000
25102,529067.555,5073945.000
25102,528975.611,5073943.000
25102,528940.982,5073969.000
25102,528930.800,5073985.000
25102,528932.252,5073997.000
25102,528944.856,5074031.000
25102,528947.848,5074036.000
25102,529067.854,5073950.000
25103,529088.373,5073989.000
25103,529084.244,5073978.000
25103,529067.854,5073950.000
25103,528986.091,5074009.659
25103,528998.036,5074046.293
25103,529088.373,5073989.000
25104,529030.851,5074128.000
25104,529094.966,5074060.000
25104,529068.377,5074040.000
25104,529009.982,5074090.094
25104,529030.851,5074128.000
25105,529150.703,5074096.000
25105,529148.268,5074075.000
25105,529140.942,5074071.000
25105,529130.793,5074065.000
25105,529057.501,5074126.000
25105,529103.464,5074133.000
25105,529150.703,5074096.000
25106,529149.186,5074132.000
25106,529171.224,5074115.000
25106,529150.703,5074096.000
25106,529103.464,5074133.000
25106,529115.117,5074144.000
25106,529149.186,5074132.000
25107,529174.508,5074118.000
25107,529171.224,5074115.000
25107,529149.186,5074132.000
25107,529138.143,5074170.000
25107,529178.209,5074221.000
25107,529174.508,5074118.000
25108,529192.255,5074229.000
25108,529214.324,5074210.000
25108,529230.765,5074180.000
25108,529219.786,5074102.000
25108,529174.508,5074118.000
25108,529178.209,5074221.000
25108,529183.794,5074235.000
25108,529192.255,5074229.000
25109,529278.351,5074146.000
25109,529279.167,5074126.000
25109,529245.089,5074064.000
25109,529219.786,5074102.000
25109,529230.765,5074180.000
25109,529278.351,5074146.000
25110,529310.597,5074114.000
25110,529308.671,5074094.000
25110,529296.302,5074062.000
25110,529293.409,5074061.000
25110,529249.012,5074056.000
25110,529245.971,5074057.000
25110,529245.089,5074064.000
25110,529279.167,5074126.000
25110,529310.597,5074114.000
25111,529354.441,5074056.000
25111,529296.302,5074062.000
25111,529308.671,5074094.000
25111,529354.654,5074100.000
25111,529354.441,5074056.000
25112,529315.891,5073911.000
25112,529251.857,5073914.000
25112,529186.138,5073973.000
25112,529213.408,5074009.000
25112,529315.891,5073911.000
25113,529251.857,5073914.000
25113,529213.182,5073903.000
25113,529192.282,5073917.000
25113,529181.230,5073950.000
25113,529180.871,5073965.000
25113,529183.788,5073971.000
25113,529186.138,5073973.000
25113,529251.857,5073914.000
25114,529213.182,5073903.000
25114,529208.983,5073890.000
25114,529190.923,5073882.000
25114,529168.150,5073891.000
25114,529165.425,5073893.000
25114,529192.282,5073917.000
25114,529213.182,5073903.000
25115,529190.923,5073882.000
25115,529186.046,5073861.000
25115,529168.150,5073891.000
25115,529190.923,5073882.000
25116,529299.073,5073996.120
25116,529249.012,5074056.000
25116,529293.409,5074061.000
25116,529317.390,5074008.066
25117,529249.012,5074056.000
25117,529298.276,5073997.713
25117,529260.846,5073961.079
25117,529213.408,5074009.000
25117,529216.035,5074028.000
25117,529216.664,5074030.000
25117,529245.971,5074057.000
25117,529249.012,5074056.000
25118,529095.196,5074243.798
25118,529174.039,5074260.522
25118,529183.596,5074234.242
25118,529177.225,5074215.924
25118,529104.753,5074133.100
25118,529061.748,5074124.339
25118,529031.485,5074128.321
25118,529046.616,5074192.829
25118,529017.946,5074298.749
25118,529065.730,5074303.528
25119,529301.298,5074207.000
25119,529315.165,5074199.000
25119,529303.704,5074160.000
25119,529278.351,5074146.000
25119,529230.765,5074180.000
25119,529214.324,5074210.000
25119,529301.298,5074207.000
25120,529357.621,5074193.000
25120,529342.842,5074136.000
25120,529303.704,5074160.000
25120,529315.165,5074199.000
25120,529326.466,5074201.000
25120,529357.621,5074193.000
25121,529342.842,5074136.000
25121,529348.298,5074124.000
25121,529310.597,5074114.000
25121,529279.167,5074126.000
25121,529278.351,5074146.000
25121,529303.704,5074160.000
25121,529342.842,5074136.000
25122,529356.278,5074118.000
25122,529354.654,5074100.000
25122,529308.671,5074094.000
25122,529310.597,5074114.000
25122,529348.298,5074124.000
25122,529356.278,5074118.000
25123,529461.469,5074116.000
25123,529367.563,5074038.329
25123,529354.441,5074056.000
25123,529354.654,5074100.000
25123,529356.278,5074118.000
25123,529428.008,5074142.000
25123,529461.469,5074116.000
25124,529494.521,5074227.000
25124,529500.973,5074199.000
25124,529491.354,5074175.000
25124,529461.469,5074116.000
25124,529428.008,5074142.000
25124,529419.600,5074165.000
25124,529455.745,5074239.000
25124,529472.500,5074249.000
25124,529494.521,5074227.000
25125,529455.745,5074239.000
25125,529419.600,5074165.000
25125,529376.822,5074198.000
25125,529382.054,5074230.000
25125,529389.887,5074239.000
25125,529417.754,5074243.000
25125,529455.745,5074239.000
25126,529382.054,5074230.000
25126,529376.822,5074198.000
25126,529357.621,5074193.000
25126,529326.466,5074201.000
25126,529332.678,5074234.000
25126,529355.356,5074245.000
25126,529382.054,5074230.000
25127,529332.678,5074234.000
25127,529326.466,5074201.000
25127,529315.165,5074199.000
25127,529301.298,5074207.000
25127,529300.784,5074226.000
25127,529318.764,5074254.000
25127,529332.678,5074234.000
25128,529300.784,5074226.000
25128,529301.298,5074207.000
25128,529214.324,5074210.000
25128,529192.255,5074229.000
25128,529293.879,5074238.000
25128,529300.784,5074226.000
25129,529293.879,5074238.000
25129,529192.255,5074229.000
25129,529183.794,5074235.000
25129,529174.039,5074260.522
25129,529284.738,5074303.528
25129,529293.879,5074238.000
25130,529331.725,5074307.510
25130,529318.764,5074254.000
25130,529300.784,5074226.000
25130,529293.879,5074238.000
25130,529283.941,5074303.528
25131,529355.356,5074245.000
25131,529332.678,5074234.000
25131,529318.764,5074254.000
25131,529332.521,5074309.899
25131,529355.356,5074245.000
25132,529389.887,5074239.000
25132,529382.054,5074230.000
25132,529355.356,5074245.000
25132,529332.521,5074309.899
25132,529377.119,5074314.677
25132,529389.887,5074239.000
25133,529417.754,5074243.000
25133,529389.887,5074239.000
25133,529377.916,5074315.474
25133,529404.197,5074317.863
25133,529417.754,5074243.000
25135,529594.283,5074243.000
25135,529494.521,5074227.000
25135,529472.500,5074249.000
25135,529480.412,5074324.000
25135,529594.283,5074243.000
25136,529585.774,5074169.734
25136,529500.973,5074199.000
25136,529494.521,5074227.000
25136,529594.283,5074243.000
25138,529583.385,5074150.620
25138,529460.741,5074115.579
25138,529461.469,5074116.000
25138,529491.354,5074175.000
25139,529168.150,5073891.000
25139,529186.046,5073861.000
25139,529186.969,5073844.000
25139,529146.783,5073889.000
25139,529147.220,5073890.000
25139,529165.425,5073893.000
25139,529168.150,5073891.000
25140,529186.969,5073844.000
25140,529202.308,5073803.000
25140,529168.948,5073829.000
25140,529139.553,5073873.000
25140,529137.323,5073884.000
25140,529146.783,5073889.000
25140,529186.969,5073844.000
25141,529168.948,5073829.000
25141,529157.385,5073833.000
25141,529134.311,5073851.000
25141,529139.553,5073873.000
25141,529168.948,5073829.000
25142,528953.906,5073388.000
25142,528953.392,5073346.000
25142,528918.814,5073293.000
25142,528895.018,5073278.000
25142,528893.621,5073382.000
25142,528907.490,5073390.000
25142,528953.906,5073388.000
25143,529026.747,5073280.000
25143,528918.814,5073293.000
25143,528953.392,5073346.000
25143,529026.747,5073280.000
25144,529048.209,5073301.666
25144,529026.747,5073280.000
25144,528953.392,5073346.000
25144,528953.906,5073388.000
25144,528957.007,5073390.000
25145,529080.861,5073351.042
25145,529047.413,5073300.870
25145,528957.007,5073390.000
25145,528976.066,5073411.000
25145,528998.747,5073415.000
25146,529128.463,5073402.000
25146,529080.861,5073351.042
25146,528998.747,5073415.000
25146,529024.824,5073446.000
25146,529045.285,5073457.000
25146,529105.127,5073462.000
25146,529128.463,5073402.000
25147,529098.888,5073516.000
25147,529107.400,5073470.000
25147,529105.127,5073462.000
25147,529045.285,5073457.000
25147,529024.423,5073542.000
25147,529098.888,5073516.000
25148,529112.591,5073571.000
25148,529117.825,5073547.000
25148,529098.888,5073516.000
25148,529024.423,5073542.000
25148,529019.521,5073545.000
25148,529102.287,5073586.000
25148,529112.591,5073571.000
25149,529101.559,5073588.000
25149,529102.287,5073586.000
25149,529019.521,5073545.000
25149,529019.083,5073546.000
25149,529013.617,5073554.000
25149,529039.589,5073588.000
25149,529048.176,5073599.000
25149,529101.559,5073588.000
25150,529103.800,5073612.000
25150,529101.559,5073588.000
25150,529048.176,5073599.000
25150,529048.694,5073623.000
25150,529051.808,5073625.000
25150,529096.395,5073632.000
25150,529103.800,5073612.000
25151,529024.824,5073446.000
25151,528998.747,5073415.000
25151,528976.066,5073411.000
25151,528945.957,5073477.000
25151,528996.123,5073503.000
25151,529024.824,5073446.000
25152,528945.957,5073477.000
25152,528976.066,5073411.000
25152,528957.007,5073390.000
25152,528953.906,5073388.000
25152,528907.490,5073390.000
25152,528883.513,5073456.000
25152,528944.905,5073478.000
25152,528945.957,5073477.000
25153,528883.513,5073456.000
25153,528907.490,5073390.000
25153,528893.621,5073382.000
25153,528852.168,5073379.000
25153,528825.224,5073442.000
25153,528860.438,5073467.000
25153,528883.513,5073456.000
25154,528825.224,5073442.000
25154,528852.168,5073379.000
25154,528826.753,5073351.000
25154,528758.367,5073419.000
25154,528760.715,5073423.000
25154,528780.597,5073438.000
25154,528799.349,5073445.000
25154,528799.965,5073445.000
25154,528825.224,5073442.000
25155,528826.753,5073351.000
25155,528816.459,5073310.426
25155,528723.908,5073384.000
25155,528743.056,5073408.000
25155,528758.367,5073419.000
25155,528826.753,5073351.000
25156,528812.477,5073287.331
25156,528698.593,5073343.078
25156,528723.268,5073383.000
25156,528723.908,5073384.000
25156,528816.459,5073310.426
25157,528823.627,5073233.176
25157,528827.608,5073198.135
25157,528677.090,5073124.070
25157,528622.936,5073163.890
25157,528702.575,5073255.475
25157,528661.959,5073284.145
25157,528698.593,5073342.282
25157,528817.255,5073284.942
25158,528944.905,5073478.000
25158,528883.513,5073456.000
25158,528860.438,5073467.000
25158,528859.730,5073501.000
25158,528932.147,5073512.000
25158,528944.905,5073478.000
25159,529013.617,5073554.000
25159,529019.083,5073546.000
25159,528996.123,5073503.000
25159,528945.957,5073477.000
25159,528944.905,5073478.000
25159,528932.147,5073512.000
25159,528972.552,5073549.344
25159,528983.701,5073569.254
25159,529013.617,5073554.000
25160,529153.901,5074024.000
25160,529115.002,5074019.000
25160,529119.902,5074050.000
25160,529130.793,5074065.000
25160,529140.942,5074071.000
25160,529153.901,5074024.000
25161,529213.408,5074009.000
25161,529186.138,5073973.000
25161,529183.788,5073971.000
25161,529107.035,5074005.000
25161,529115.002,5074019.000
25161,529153.901,5074024.000
25161,529216.035,5074028.000
25161,529213.408,5074009.000
25162,529216.664,5074030.000
25162,529216.035,5074028.000
25162,529153.901,5074024.000
25162,529140.942,5074071.000
25162,529148.268,5074075.000
25162,529216.664,5074030.000
25163,529183.788,5073971.000
25163,529180.871,5073965.000
25163,529151.244,5073952.000
25163,529084.244,5073978.000
25163,529088.373,5073989.000
25163,529094.781,5073998.000
25163,529107.035,5074005.000
25163,529183.788,5073971.000
25164,529181.230,5073950.000
25164,529155.623,5073918.000
25164,529141.134,5073942.000
25164,529151.244,5073952.000
25164,529180.871,5073965.000
25164,529181.230,5073950.000
25247,529235.361,5073773.130
25247,529220.720,5073778.000
25247,529202.308,5073803.000
25247,529186.969,5073844.000
25247,529186.046,5073861.000
25247,529190.923,5073882.000
25247,529208.983,5073890.000
25255,529270.256,5073295.000
25255,529233.319,5073421.000
25255,529257.739,5073490.000
25255,529283.735,5073526.000
25255,529286.869,5073516.000
25255,529296.869,5073496.000
25255,529296.869,5073446.000
25255,529290.869,5073441.000
25255,529286.869,5073441.000
25255,529286.869,5073438.000
25255,529284.869,5073436.000
25255,529281.869,5073436.000
25255,529281.869,5073434.000
25255,529278.869,5073431.000
25255,529276.869,5073431.000
25255,529276.869,5073430.000
25255,529272.869,5073426.000
25255,529271.869,5073426.000
25255,529271.869,5073425.000
25255,529266.869,5073421.000
25255,529266.869,5073406.000
25255,529281.869,5073331.000
25255,529281.869,5073306.000
25255,529276.869,5073301.000
25255,529271.869,5073296.000
25255,529270.256,5073295.000
25318,529152.118,5072207.354
25318,529128.717,5072259.773
25318,529124.754,5072269.000
25318,529135.411,5072281.000
25318,529162.415,5072284.110
25319,529139.013,5072154.000
25319,529091.761,5072238.000
25319,529107.620,5072258.000
25319,529124.754,5072269.000
25319,529151.182,5072210.162
25320,529118.216,5072111.626
25320,529069.150,5072210.000
25320,529085.364,5072235.000
25320,529091.761,5072238.000
25320,529138.077,5072149.320
25321,529109.217,5072090.324
25321,529091.249,5072069.378
25321,529059.510,5072099.000
25321,529040.445,5072169.000
25321,529060.720,5072208.000
25321,529069.150,5072210.000
25321,529117.265,5072110.445
25322,529060.720,5072208.000
25322,529040.445,5072169.000
25322,529022.008,5072187.697
25322,529043.537,5072215.779
25322,529060.720,5072208.000
25323,529085.364,5072235.000
25323,529069.150,5072210.000
25323,529060.720,5072208.000
25323,529042.601,5072216.715
25323,529055.706,5072242.924
25323,529085.364,5072235.000
25324,529106.980,5072256.347
25324,529091.761,5072238.000
25324,529085.364,5072235.000
25324,529055.706,5072243.860
25324,529064.130,5072272.877
25324,529107.620,5072258.000
25325,529135.411,5072281.000
25325,529124.754,5072269.000
25325,529107.620,5072258.000
25325,529065.066,5072273.813
25325,529074.427,5072300.023
25325,529135.411,5072281.000
25326,529132.461,5072324.360
25326,529132.461,5072282.238
25326,529075.363,5072300.023
25326,529081.915,5072330.912
25327,529131.525,5072323.424
25327,529084.723,5072332.784
25327,529083.787,5072361.801
25327,529138.077,5072383.330
25328,529022.008,5072186.761
25328,529040.445,5072169.000
25328,529059.510,5072099.000
25328,528993.927,5072129.663
25329,529137.141,5072380.522
25329,529081.915,5072361.801
25329,529062.258,5072383.330
25329,529090.919,5072404.000
25329,529106.775,5072407.000
25330,529090.919,5072404.000
25330,529040.729,5072375.842
25330,529035.113,5072417.964
25330,529090.919,5072404.000
25331,529049.153,5072450.725
25331,529106.775,5072407.000
25331,529090.919,5072404.000
25331,529035.113,5072417.964
25332,529059.450,5072482.551
25332,529099.700,5072439.493
25332,529093.147,5072419.836
25332,529049.153,5072450.725
25333,529121.229,5072461.958
25333,529102.508,5072436.685
25333,529060.386,5072480.679
25333,529070.682,5072490.975
25334,529102.602,5072514.000
25334,529122.069,5072465.000
25334,529068.810,5072489.103
25334,529102.602,5072514.000
25335,529135.863,5072495.000
25335,529140.886,5072478.807
25335,529122.069,5072465.000
25335,529102.602,5072514.000
25335,529106.689,5072514.000
25335,529135.863,5072495.000
25336,529143.512,5072523.000
25336,529145.124,5072520.000
25336,529135.863,5072495.000
25336,529106.689,5072514.000
25336,529122.193,5072527.000
25336,529143.512,5072523.000
25337,529163.161,5072560.621
25337,529143.512,5072523.000
25337,529122.193,5072527.000
25337,529135.776,5072575.631
25337,529151.067,5072569.192
25338,529128.717,5072567.731
25338,529122.193,5072527.000
25338,529106.689,5072514.000
25338,529102.602,5072514.000
25338,529064.130,5072514.376
25338,529066.002,5072622.957
25338,529105.316,5072626.701
25338,529112.804,5072568.667
25339,529167.532,5072513.000
25339,529145.124,5072520.000
25339,529143.512,5072523.000
25339,529164.749,5072561.144
25339,529167.532,5072513.000
25340,529167.532,5072513.000
25340,529174.583,5072478.807
25340,529143.694,5072477.871
25340,529135.863,5072495.000
25340,529145.124,5072520.000
25340,529167.532,5072513.000
25341,529186.752,5072565.858
25341,529189.379,5072486.000
25341,529175.519,5072478.807
25341,529167.532,5072513.000
25341,529164.287,5072563.050
25342,529227.254,5072532.000
25342,529189.379,5072486.000
25342,529186.082,5072552.082
25342,529226.065,5072548.074
25343,529238.899,5072489.000
25343,529213.897,5072449.789
25343,529189.379,5072486.000
25343,529227.254,5072532.000
25343,529238.899,5072489.000
25344,529308.437,5072687.544
25344,529308.617,5072614.583
25344,529353.100,5072587.209
25344,529320.888,5072557.306
25344,529257.891,5072549.010
25344,529217.641,5072653.846
25344,529231.682,5072680.992
25345,529311.412,5072504.000
25345,529298.046,5072496.100
25345,529284.679,5072488.200
25345,529270.481,5072475.421
25345,529245.871,5072514.229
25345,529258.650,5072549.251
25345,529321.799,5072557.000
25345,529311.412,5072504.000
25347,529315.554,5072484.000
25347,529307.846,5072468.000
25347,529285.836,5072447.029
25347,529270.685,5072474.806
25347,529284.428,5072488.000
25347,529311.412,5072504.000
25347,529315.554,5072484.000
25348,529330.902,5072449.789
25348,529314.053,5072417.028
25348,529284.152,5072447.029
25348,529307.846,5072468.000
25349,529338.980,5072460.000
25349,529386.129,5072394.563
25349,529362.434,5072378.007
25349,529315.297,5072420.935
25349,529323.414,5072438.557
25349,529338.980,5072460.000
25351,529414.210,5072420.772
25351,529386.129,5072394.563
25351,529338.980,5072460.000
25351,529353.367,5072486.295
25352,529406.722,5072478.807
25352,529387.498,5072454.000
25352,529356.175,5072482.551
25352,529384.257,5072497.527
25353,529432.931,5072455.406
25353,529402.977,5072432.004
25353,529387.498,5072454.000
25353,529407.658,5072478.807
25354,529461.012,5072420.772
25354,529441.355,5072400.179
25354,529402.977,5072433.877
25354,529431.059,5072453.533
25355,529526.869,5072406.000
25355,529527.471,5072355.249
25355,529470.372,5072359.929
25355,529469.942,5072376.000
25355,529441.355,5072399.243
25355,529477.861,5072446.981
25356,529208.130,5071346.000
25356,529188.110,5071302.812
25356,529156.067,5071347.107
25356,529180.860,5071373.229
25356,529208.130,5071346.000
25357,529188.110,5071301.036
25357,529176.570,5071275.292
25357,529126.889,5071324.171
25357,529154.910,5071348.690
25358,529176.570,5071275.292
25358,529165.559,5071249.000
25358,529093.871,5071282.547
25358,529127.765,5071324.171
25359,529165.559,5071249.000
25359,529091.863,5071216.466
25359,529042.827,5071217.342
25359,529093.871,5071282.192
25359,529165.559,5071249.000
25360,529028.420,5071245.000
25360,529024.219,5071313.109
25360,529094.048,5071282.014
25360,529042.698,5071217.693
25360,529028.420,5071245.000
25362,529066.491,5071379.156
25362,529041.635,5071340.984
25362,529025.314,5071344.311
25362,529027.941,5071390.721
25363,529200.444,5071395.099
25363,529162.791,5071354.819
25363,529026.189,5071390.721
25363,529031.443,5071431.001
25364,529218.293,5071448.399
25364,529199.568,5071396.851
25364,529031.443,5071431.877
25364,529032.319,5071473.032
25364,529130.304,5071463.000
25365,529226.283,5071470.593
25365,529218.293,5071449.287
25365,529033.194,5071473.032
25365,529041.951,5071511.561
25366,529054.210,5071543.960
25366,529131.296,5071522.081
25366,529216.518,5071560.253
25366,529250.252,5071517.642
25366,529229.834,5071470.593
25366,529042.827,5071510.685
25367,529156.152,5071623.282
25367,529138.398,5071557.590
25367,529064.718,5071585.116
25367,529073.474,5071649.914
25367,529097.993,5071646.411
25367,529133.959,5071623.282
25369,529133.894,5071737.479
25369,529097.022,5071647.000
25369,529073.011,5071652.000
25369,529089.236,5071758.495
25371,529170.356,5071660.567
25371,529156.152,5071623.282
25371,529133.071,5071625.058
25371,529097.022,5071647.000
25371,529117.257,5071695.448
25372,529196.100,5071701.402
25372,529171.244,5071660.567
25372,529119.008,5071695.448
25372,529133.019,5071739.231
25373,529209.416,5071723.596
25373,529196.988,5071704.066
25373,529104.122,5071758.495
25373,529136.521,5071776.008
25374,529236.048,5071731.585
25374,529220.956,5071719.157
25374,529138.273,5071776.008
25374,529147.905,5071790.894
25375,529243.150,5071747.564
25375,529235.160,5071733.361
25375,529198.693,5071755.868
25375,529206.574,5071770.754
25376,529263.567,5071767.094
25376,529244.037,5071746.677
25376,529208.325,5071770.754
25376,529226.714,5071796.148
25378,529271.372,5071764.624
25378,529228.465,5071798.775
25378,529248.605,5071803.153
25378,529287.134,5071784.764
25382,529419.579,5071448.657
25382,529386.402,5071483.785
25382,529414.003,5071514.453
25382,529441.046,5071474.028
25383,529419.858,5071448.379
25383,529412.330,5071437.784
25383,529409.542,5071419.663
25383,529362.705,5071467.337
25383,529386.402,5071484.064
25383,529416.348,5071452.000
25384,529363.508,5071467.000
25384,529355.355,5071452.000
25384,529341.538,5071433.000
25384,529336.170,5071466.027
25384,529363.508,5071467.000
25385,529341.538,5071433.000
25385,529341.813,5071429.000
25385,529308.310,5071410.000
25385,529300.268,5071457.271
25385,529337.046,5071466.027
25386,529308.310,5071410.000
25386,529304.207,5071404.000
25386,529295.619,5071396.000
25386,529276.049,5071396.000
25386,529269.253,5071399.000
25386,529259.113,5071446.763
25386,529300.268,5071456.395
25386,529308.310,5071410.000
25387,529269.253,5071399.000
25387,529248.207,5071398.000
25387,529222.335,5071426.623
25387,529258.237,5071446.763
25387,529269.253,5071399.000
25388,529248.207,5071398.000
25388,529223.418,5071385.000
25388,529200.444,5071399.477
25388,529222.919,5071427.242
25388,529248.207,5071398.000
25389,529223.418,5071385.000
25389,529208.130,5071346.000
25389,529179.974,5071373.671
25389,529201.320,5071397.726
25389,529223.418,5071385.000
25390,529446.693,5071479.335
25390,529509.894,5071430.780
25390,529490.033,5071412.956
25390,529428.217,5071459.946
25391,529494.823,5071409.078
25391,529469.276,5071374.406
25391,529407.003,5071402.235
25391,529412.021,5071437.135
25391,529428.673,5071459.489
25393,529435.744,5071388.777
25393,529413.911,5071329.000
25393,529404.914,5071332.000
25393,529423.198,5071395.164
25394,529454.677,5071380.793
25394,529426.384,5071314.000
25394,529413.911,5071329.000
25394,529435.516,5071388.777
25395,529460.650,5071301.670
25395,529451.346,5071287.917
25395,529422.058,5071303.693
25395,529442.587,5071352.052
25395,529468.336,5071338.481
25395,529459.032,5071321.087
25396,529480.876,5071331.604
25396,529471.977,5071297.625
25396,529460.650,5071302.479
25396,529459.437,5071320.278
25396,529468.741,5071338.481
25397,529472.381,5071298.029
25397,529467.931,5071281.444
25397,529451.751,5071289.939
25397,529459.841,5071302.075
25398,529483.303,5071272.950
25398,529445.279,5071238.566
25398,529430.716,5071266.882
25398,529452.155,5071289.130
25399,529499.483,5071352.234
25399,529481.674,5071331.000
25399,529442.745,5071351.900
25399,529454.476,5071381.429
25399,529468.634,5071374.553
25400,529500.070,5071352.052
25400,529469.038,5071374.148
25400,529494.595,5071409.078
25400,529539.760,5071373.722
25401,529539.760,5071373.950
25401,529490.033,5071412.956
25401,529566.134,5071483.242
25401,529620.028,5071431.114
25402,529423.198,5071394.936
25402,529404.914,5071332.000
25402,529386.017,5071338.366
25402,529395.598,5071407.253
25403,529392.315,5071383.000
25403,529386.017,5071338.594
25403,529367.769,5071340.647
25403,529388.526,5071384.899
25403,529392.315,5071383.000
25404,529381.227,5071277.233
25404,529357.504,5071295.254
25404,529358.416,5071316.695
25404,529367.541,5071340.875
25404,529385.561,5071338.822
25404,529405.178,5071331.979
25405,529404.914,5071332.000
25405,529413.911,5071329.000
25405,529426.384,5071314.000
25405,529421.373,5071304.150
25405,529421.145,5071277.918
25405,529388.070,5071292.060
25405,529404.914,5071332.000
25407,529365.772,5071336.582
25407,529357.965,5071314.836
25407,529334.087,5071323.000
25407,529331.054,5071347.000
25407,529344.911,5071351.000
25408,529358.244,5071314.278
25408,529357.129,5071295.041
25408,529338.450,5071262.980
25408,529310.849,5071257.961
25408,529334.087,5071323.000
25409,529331.054,5071347.000
25409,529334.087,5071323.000
25409,529310.418,5071258.000
25409,529277.819,5071273.171
25409,529316.342,5071355.000
25409,529331.054,5071347.000
25412,529365.772,5071337.139
25412,529344.911,5071351.000
25412,529331.054,5071347.000
25412,529316.342,5071355.000
25412,529295.619,5071396.000
25412,529304.207,5071404.000
25412,529383.614,5071374.777
25413,529407.591,5071409.068
25413,529395.881,5071406.838
25413,529392.257,5071383.419
25413,529389.469,5071384.534
25413,529384.172,5071375.334
25413,529304.207,5071404.000
25413,529308.310,5071410.000
25413,529341.813,5071429.000
25413,529390.027,5071419.384
25414,529407.870,5071409.068
25414,529390.187,5071419.000
25414,529341.813,5071429.000
25414,529341.538,5071433.000
25414,529355.355,5071452.000
25414,529363.262,5071466.779
25414,529409.264,5071419.384
25415,529452.161,5071485.000
25415,529441.325,5071474.028
25415,529412.609,5071515.289
25415,529447.378,5071549.214
25415,529452.161,5071485.000
25416,529468.368,5071550.975
25416,529517.436,5071545.399
25416,529452.161,5071485.000
25416,529447.180,5071550.139
25417,529476.174,5071457.300
25417,529446.622,5071480.440
25417,529517.436,5071546.236
25417,529533.327,5071529.508
25418,529565.292,5071482.401
25418,529501.724,5071436.000
25418,529480.380,5071463.000
25418,529530.774,5071524.744
25419,529011.136,5070999.330
25419,528960.792,5071028.206
25419,528966.839,5071036.068
25419,528972.584,5071033.649
25419,528980.003,5071051.000
25419,529011.504,5071035.000
25420,528991.482,5071083.539
25420,528972.282,5071034.102
25420,528966.839,5071036.068
25420,528946.127,5071010.366
25420,528930.252,5071011.500
25420,528921.083,5071012.000
25420,528919.065,5071056.326
25420,528929.497,5071095.936
25421,528918.984,5071056.000
25421,528921.333,5070996.155
25421,528876.129,5070996.458
25421,528879.175,5071069.000
25421,528918.984,5071056.000
25422,528905.076,5071095.284
25422,528929.346,5071095.785
25422,528918.763,5071056.175
25422,528879.175,5071069.000
25423,528879.175,5071069.000
25423,528877.257,5070997.772
25423,528822.673,5070996.167
25423,528824.940,5071066.783
25424,528824.698,5071067.716
25424,528824.278,5070995.364
25424,528795.381,5071030.683
25424,528771.588,5071065.696
25425,528771.572,5071064.574
25425,528822.673,5070995.364
25425,528728.756,5071017.840
25425,528724.829,5071057.949
25425,528747.280,5071063.470
25428,529011.136,5070999.028
25428,529039.407,5070996.458
25428,529028.975,5070936.740
25428,529003.499,5070946.174
25428,529006.449,5070964.407
25428,528968.159,5071024.000
25429,528939.422,5071011.000
25429,528972.996,5070961.426
25429,528952.571,5070946.154
25429,528921.333,5070996.004
25429,528921.083,5071012.000
25429,528939.422,5071011.000
25430,528876.100,5070953.789
25430,528877.205,5070996.116
25430,528921.031,5070996.155
25430,528954.533,5070943.766
25431,529013.101,5071053.000
25431,529005.542,5071038.184
25431,528980.003,5071051.000
25431,528988.442,5071077.348
25431,529018.695,5071059.350
25432,529022.323,5071060.710
25432,529043.199,5071044.000
25432,529039.104,5070996.760
25432,529011.287,5070999.330
25432,529011.740,5071034.858
25432,529005.391,5071038.486
25432,529013.101,5071053.000
25433,529019.299,5071059.198
25433,528989.063,5071077.492
25433,528991.482,5071083.690
25433,529010.984,5071086.109
25433,529021.416,5071081.574
25433,529029.277,5071090.342
25433,529041.372,5071078.096
25434,529043.199,5071044.000
25434,529021.718,5071060.861
25434,529041.372,5071077.643
25434,529044.547,5071075.224
25434,529069.639,5071064.000
25435,529136.164,5071039.242
25435,529111.672,5070992.225
25435,529043.199,5071044.000
25435,529069.639,5071064.000
25435,529076.234,5071064.000
25435,529085.064,5071068.723
25436,529021.870,5071125.417
25436,529035.022,5071117.102
25436,529040.616,5071123.905
25436,529051.350,5071114.683
25436,529076.234,5071064.000
25436,529069.639,5071064.000
25436,529044.482,5071075.000
25436,529029.429,5071090.493
25436,529036.081,5071097.145
25436,529026.707,5071105.309
25436,529016.125,5071114.985
25437,529067.678,5071140.384
25437,529077.505,5071123.149
25437,529069.190,5071115.741
25437,529094.740,5071084.295
25437,529084.308,5071068.572
25437,529076.234,5071064.000
25437,529051.199,5071114.985
25437,529040.767,5071123.905
25437,529050.292,5071132.673
25438,529104.567,5071100.018
25438,529094.891,5071084.295
25438,529069.341,5071115.741
25438,529077.656,5071122.846
25440,529110.614,5071108.938
25440,529104.718,5071100.018
25440,529090.658,5071112.112
25440,529096.403,5071116.799
25442,529174.867,5071104.553
25442,529136.768,5071038.940
25442,529084.762,5071069.025
25442,529117.417,5071119.218
25442,529132.233,5071113.171
25442,529135.710,5071120.730
25443,529131.477,5071149.455
25443,529182.728,5071119.823
25443,529175.169,5071104.705
25443,529114.998,5071129.347
25445,529180.611,5071164.573
25445,529201.475,5071156.863
25445,529186.054,5071126.928
25445,529182.879,5071119.974
25445,529119.987,5071155.955
25445,529129.209,5071173.644
25445,529147.049,5071173.644
25445,529166.854,5071185.890
25446,528550.167,5073129.478
25446,528612.166,5073051.862
25446,528652.867,5072987.024
25446,528456.934,5072962.887
25446,528455.987,5073037.190
25446,528491.482,5073146.988
25446,528536.916,5073150.775
25447,528452.674,5072914.614
25447,528457.407,5072963.361
25447,528597.968,5072979.452
25447,528604.593,5072943.957
25448,528545.435,5072916.034
25448,528448.415,5072898.996
25448,528452.674,5072914.141
25448,528604.593,5072943.483
25448,528601.280,5072927.865
25449,528550.641,5072899.943
25449,528443.682,5072880.065
25449,528448.888,5072898.523
25449,528547.328,5072916.034
25450,528552.061,5072883.378
25450,528439.423,5072862.554
25450,528444.155,5072880.065
25450,528549.694,5072898.996
25451,528542.311,5072849.587
25451,528491.198,5072849.114
25451,528439.612,5072862.838
25451,528553.196,5072883.189
25451,528554.143,5072858.579
25453,528530.290,5072728.146
25453,528455.987,5072738.085
25453,528488.643,5072849.303
25453,528541.649,5072848.830
25453,528530.763,5072727.673
25454,528093.464,5072770.267
25454,528075.128,5072790.000
25454,528061.112,5072806.000
25454,528059.520,5072812.000
25454,528062.205,5072829.000
25454,528084.046,5072833.000
25456,528170.607,5072854.509
25456,528084.046,5072833.000
25456,528076.900,5072831.319
25456,528069.327,5072858.295
25456,528060.808,5072893.790
25456,528173.919,5072890.951
25457,528062.205,5072829.000
25457,528059.520,5072812.000
25457,527931.606,5072766.481
25457,527936.812,5072799.137
25457,528055.224,5072835.000
25457,528062.205,5072829.000
25458,528048.977,5072833.212
25458,527935.866,5072799.610
25458,527941.072,5072832.739
25458,528067.434,5072865.867
25458,528070.747,5072856.402
25459,528067.434,5072865.867
25459,527940.125,5072832.739
25459,527942.965,5072863.974
25459,528060.335,5072894.737
25460,527971.834,5072871.073
25460,527967.101,5072904.202
25460,528038.343,5072920.000
25460,528050.397,5072891.424
25461,528038.343,5072920.000
25461,527999.284,5072910.828
25461,527993.604,5072940.644
25461,528038.180,5072943.000
25461,528038.343,5072920.000
25462,527995.024,5072939.697
25462,527999.757,5073004.062
25462,528028.153,5073007.848
25462,528061.755,5073009.741
25462,528064.121,5072945.850
25464,528053.621,5072773.000
25464,528057.969,5072759.382
25464,528037.145,5072750.390
25464,528009.695,5072755.596
25464,527983.666,5072760.329
25464,528049.789,5072786.000
25464,528053.621,5072773.000
25465,528075.128,5072790.000
25465,528093.464,5072771.214
25465,528057.969,5072759.382
25465,528049.789,5072786.000
25465,528061.112,5072806.000
25465,528075.128,5072790.000
25466,528542.200,5074041.261
25466,528582.504,5074048.905
25466,528613.079,5074036.397
25466,528646.434,5073937.721
25466,528456.727,5073900.197
25466,528431.423,5073940.000
25466,528421.287,5073994.703
25466,528474.794,5074030.838
25468,528332.340,5073962.043
25468,528330.255,5073980.110
25468,528320.527,5073993.313
25468,528358.746,5073998.872
25468,528359.387,5073965.000
25469,528371.949,5074026.668
25469,528358.746,5073998.872
25469,528301.070,5073990.533
25469,528294.014,5074021.000
25470,528280.918,5073987.754
25470,528271.189,5074011.380
25470,528294.014,5074021.000
25470,528301.070,5073990.533
25471,528371.254,5074026.668
25471,528293.426,5074020.414
25471,528270.494,5074012.075
25471,528260.071,5074036.397
25471,528259.376,5074064.193
25471,528324.204,5074068.000
25471,528369.865,5074069.057
25472,528355.967,5074068.362
25472,528260.766,5074065.583
25472,528257.986,5074139.242
25472,528356.662,5074135.072
25473,528323.413,5074203.000
25473,528324.509,5074202.000
25473,528332.271,5074193.000
25473,528352.101,5074159.000
25473,528357.356,5074135.767
25473,528257.291,5074140.632
25473,528255.206,5074201.783
25473,528319.768,5074207.000
25473,528323.413,5074203.000
25474,528248.257,5074251.815
25474,528304.361,5074242.000
25474,528316.729,5074217.000
25474,528319.768,5074207.000
25474,528253.122,5074203.867
25474,528245.478,5074252.510
25475,528237.439,5074377.353
25475,528274.664,5074369.253
25475,528261.940,5074311.000
25475,528229.450,5074317.028
25475,528209.038,5074320.716
25475,528190.141,5074351.000
25475,528186.711,5074372.489
25475,528208.253,5074360.675
25475,528217.287,5074382.912
25476,528177.806,5074326.865
25476,528155.919,5074330.553
25476,528156.967,5074337.000
25476,528162.244,5074348.000
25476,528171.611,5074360.000
25476,528182.740,5074368.000
25477,528137.190,5074339.000
25477,528135.262,5074333.996
25477,528116.572,5074340.636
25477,528118.539,5074345.801
25477,528130.532,5074342.000
25477,528137.190,5074339.000
25478,528269.110,5074292.000
25478,528274.485,5074276.000
25478,528244.783,5074253.205
25478,528237.834,5074262.239
25478,528214.902,5074271.968
25478,528226.656,5074303.000
25478,528228.675,5074305.000
25478,528257.986,5074301.848
25478,528269.110,5074292.000
25479,528212.818,5074269.883
25479,528197.530,5074278.222
25479,528193.360,5074291.425
25479,528226.656,5074303.000
25480,528228.675,5074305.000
25480,528226.656,5074303.000
25480,528194.055,5074292.120
25480,528183.632,5074321.305
25480,528211.564,5074317.000
25480,528228.675,5074305.000
25481,528207.563,5074322.192
25481,528185.922,5074325.635
25481,528190.141,5074351.000
25481,528211.564,5074317.000
25482,528190.141,5074351.000
25482,528185.922,5074325.635
25482,528177.806,5074326.865
25482,528182.740,5074368.000
25482,528183.305,5074368.000
25482,528190.141,5074351.000
25483,528118.209,5074346.000
25483,528116.818,5074340.144
25483,528090.504,5074349.243
25483,528092.225,5074354.654
25483,528100.095,5074351.949
25483,528118.209,5074346.000
25484,528042.549,5074459.908
25484,528076.486,5074439.989
25484,528060.747,5074405.314
25484,528052.721,5074386.000
25484,528050.969,5074374.000
25484,528048.205,5074364.491
25484,528012.547,5074378.754
25485,528042.867,5074459.351
25485,528012.793,5074378.262
25485,527986.971,5074388.099
25485,528017.156,5074470.469
25486,527938.278,5074421.053
25486,527960.719,5074407.035
25486,527960.042,5074404.576
25486,527958.690,5074399.657
25486,527910.243,5074413.921
25486,527936.557,5074519.176
25486,527964.838,5074489.911
25487,527858.889,5074534.165
25487,527891.307,5074542.784
25487,527861.797,5074426.955
25487,527849.992,5074430.152
25487,527831.794,5074425.233
25487,527828.597,5074533.931
25488,527773.019,5074549.178
25488,527804.989,5074531.472
25488,527828.597,5074533.685
25488,527831.794,5074431.873
25488,527807.448,5074423.758
25488,527767.117,5074496.797
25488,527756.296,5074515.979
25488,527754.575,5074544.751
25490,527765.641,5074498.026
25490,527808.376,5074422.000
25490,527792.534,5074417.000
25490,527749.902,5074504.912
25492,527793.602,5074409.000
25492,527813.893,5074383.427
25492,527796.406,5074376.813
25492,527779.873,5074401.919
25492,527793.602,5074409.000
25493,528282.166,5073987.664
25493,528317.493,5073994.591
25493,528332.039,5073953.722
25493,528261.385,5073953.029
25493,528271.083,5074010.522
25494,528261.385,5073948.873
25494,528263.571,5073915.000
25494,528235.063,5073916.317
25494,528248.224,5073930.171
25495,528263.571,5073915.000
25495,528276.128,5073905.000
25495,528237.141,5073901.078
25495,528236.449,5073915.624
25495,528263.571,5073915.000
25496,528298.790,5073838.736
25496,528239.219,5073836.658
25496,528239.912,5073874.063
25496,528296.019,5073876.834
25497,528305.717,5073802.717
25497,528273.393,5073801.000
25497,528272.460,5073799.000
25497,528240.605,5073797.175
25497,528239.912,5073835.966
25497,528300.176,5073840.122
25498,528306.410,5073774.317
25498,528264.253,5073770.000
25498,528247.532,5073759.078
25498,528241.297,5073797.868
25498,528304.332,5073802.717
25499,528260.285,5073723.000
25499,528288.779,5073718.000
25499,528305.944,5073703.000
25499,528257.922,5073696.736
25499,528253.073,5073722.365
25499,528260.285,5073723.000
25500,528376.054,5073764.370
25500,528372.072,5073737.293
25500,528370.479,5073717.383
25500,528326.498,5073726.521
25500,528323.727,5073745.224
25500,528303.639,5073750.073
25500,528306.410,5073766.697
25501,528374.461,5073810.561
25501,528375.258,5073764.370
25501,528305.024,5073767.390
25501,528304.332,5073803.409
25502,528373.665,5073809.764
25502,528303.639,5073804.102
25502,528300.868,5073833.888
25502,528390.377,5073859.000
25503,528390.377,5073859.000
25503,528300.868,5073834.580
25503,528292.758,5073898.000
25503,528295.457,5073899.000
25503,528390.377,5073859.000
25505,528016.461,5074469.775
25505,527986.971,5074388.099
25505,527958.198,5074400.149
25505,527990.055,5074479.503
25506,528227.537,5073999.000
25506,528226.422,5073957.000
25506,528207.356,5073935.712
25506,528190.039,5073955.800
25506,528182.419,5073980.044
25506,528227.459,5073999.000
25506,528227.537,5073999.000
25507,528271.775,5074011.908
25507,528183.804,5073980.044
25507,528172.029,5074019.527
25507,528260.693,5074043.079
25508,528258.614,5074043.079
25508,528172.029,5074018.835
25508,528168.565,5074064.552
25508,528214.493,5074058.000
25509,528174.800,5074097.108
25509,528204.538,5074086.000
25509,528214.710,5074058.000
25509,528214.493,5074058.000
25509,528169.951,5074063.859
25510,528173.414,5074097.801
25510,528174.107,5074122.045
25510,528203.892,5074129.664
25510,528203.892,5074086.718
25511,528203.087,5074131.000
25511,528172.029,5074122.045
25511,528176.878,5074159.450
25511,528214.283,5074149.059
25512,528255.151,5074180.230
25512,528257.229,5074139.362
25512,528176.878,5074157.372
25512,528185.190,5074198.933
25513,528245.453,5074248.806
25513,528254.458,5074203.089
25513,528255.844,5074182.308
25513,528184.497,5074198.240
25513,528185.883,5074231.489
25513,528206.102,5074245.000
25513,528235.063,5074263.352
25514,528233.678,5074263.352
25514,528206.102,5074245.000
25514,528185.190,5074232.182
25514,528154.019,5074256.426
25514,528165.102,5074278.591
25514,528193.502,5074291.060
25514,528196.965,5074279.284
25515,528181.726,5074229.411
25515,528127.004,5074240.494
25515,528127.697,5074268.201
25515,528162.336,5074276.000
25515,528155.404,5074255.040
25516,528187.268,5074229.411
25516,528185.190,5074196.855
25516,528179.648,5074164.991
25516,528120.077,5074184.386
25516,528125.619,5074215.557
25516,528128.390,5074240.494
25516,528144.308,5074239.000
25517,528140.855,5074178.000
25517,528178.956,5074166.376
25517,528173.414,5074135.898
25517,528108.994,5074136.591
25517,528120.770,5074182.308
25517,528140.855,5074178.000
25518,528174.107,5074134.513
25518,528174.107,5074100.571
25518,528138.927,5074103.000
25518,528110.380,5074106.806
25518,528111.073,5074135.206
25519,528174.107,5074099.879
25519,528169.951,5074064.552
25519,528139.932,5074071.000
25519,528104.838,5074076.327
25519,528108.994,5074106.806
25521,528170.643,5074030.610
25521,528175.492,5074009.830
25521,528134.280,5074007.000
25521,528095.833,5074013.293
25521,528102.068,5074041.693
25521,528131.405,5074037.000
25522,528174.800,5074009.830
25522,528181.726,5073986.971
25522,528094.445,5073988.000
25522,528095.833,5074013.293
25522,528134.280,5074007.000
25524,528097.912,5074034.074
25524,528094.448,5073995.283
25524,528065.355,5073983.508
25524,528048.731,5074016.756
25524,528065.541,5074026.000
25525,528104.838,5074077.020
25525,528099.297,5074031.303
25525,528065.541,5074026.000
25525,528048.731,5074016.756
25525,528030.721,5074051.391
25525,528063.074,5074069.000
25526,528111.073,5074126.201
25526,528057.697,5074101.000
25526,528016.867,5074077.713
25526,527991.931,5074118.581
25526,528121.463,5074192.699
25526,528111.073,5074136.591
25527,528122.155,5074193.391
25527,527991.931,5074117.889
25527,527969.072,5074158.064
25527,528039.726,5074190.620
25527,528043.189,5074203.089
25527,528107.609,5074239.801
25527,528128.390,5074241.186
25528,528043.882,5074204.474
25528,528039.934,5074191.000
25528,527969.072,5074158.064
25528,527953.833,5074194.084
25528,528105.531,5074246.728
25528,528107.609,5074238.416
25529,528088.907,5074277.899
25529,528096.526,5074266.123
25529,528104.146,5074245.343
25529,527955.911,5074194.084
25529,527941.365,5074231.489
25529,527966.121,5074240.000
25529,527970.621,5074241.000
25529,528008.123,5074241.000
25529,528072.282,5074293.831
25532,527962.838,5074346.475
25532,527969.072,5074320.153
25532,527975.306,5074293.831
25532,527935.130,5074253.655
25532,527920.402,5074284.000
25532,527903.960,5074311.148
25532,527894.955,5074343.704
25532,527951.062,5074362.406
25534,528067.386,5073982.000
25534,528061.361,5073967.000
25534,528060.329,5073967.000
25534,528043.189,5073959.956
25534,528050.116,5074014.678
25534,528067.386,5073982.000
25536,528153.326,5073799.946
25536,528071.589,5073807.566
25536,528081.980,5073835.966
25536,528151.248,5073816.570
25538,528097.219,5073950.951
25538,528103.122,5073937.000
25538,528097.103,5073935.000
25538,528070.204,5073926.015
25538,528062.585,5073966.190
25538,528068.126,5073984.200
25538,528094.448,5073997.361
25540,528162.687,5074277.000
25540,528162.336,5074276.000
25540,528127.697,5074269.587
25540,528126.312,5074288.982
25540,528192.809,5074295.909
25540,528196.273,5074291.753
25541,528133.238,5074336.084
25541,528153.326,5074329.158
25541,528183.804,5074320.845
25541,528195.580,5074295.909
25541,528125.619,5074289.674
25541,528124.234,5074302.835
25542,528131.853,5074329.158
25542,528125.619,5074302.835
25542,528104.146,5074293.138
25542,528088.907,5074278.591
25542,528072.975,5074292.445
25542,528094.448,5074314.611
25542,528100.682,5074338.162
25543,528102.068,5074337.470
25543,528093.579,5074315.000
25543,528073.668,5074294.523
25543,528050.809,5074311.148
25543,528062.137,5074329.000
25543,528070.204,5074349.938
25544,528052.194,5074310.455
25544,528050.809,5074308.377
25544,528021.716,5074325.001
25544,528031.843,5074347.000
25544,528035.570,5074360.328
25544,528070.204,5074349.245
25545,528035.570,5074358.250
25545,528024.487,5074325.694
25545,527961.957,5074346.000
25545,527950.370,5074365.870
25545,527953.140,5074396.348
25545,528012.019,5074369.333
25546,528022.409,5074323.616
25546,528072.975,5074293.831
25546,528008.123,5074241.000
25546,527973.228,5074298.679
25546,527961.957,5074346.000
25547,528008.123,5074241.000
25547,527969.765,5074242.572
25547,527942.057,5074231.489
25547,527933.745,5074255.040
25547,527975.306,5074295.216
25547,528008.123,5074241.000
25548,528615.859,5074139.937
25548,528615.164,5074075.311
25548,528614.469,5074037.787
25548,528583.894,5074050.295
25548,528568.606,5074087.819
25548,528560.962,5074105.887
25548,528565.131,5074138.547
25549,528549.843,5074132.293
25549,528532.471,5074141.327
25549,528559.572,5074184.410
25549,528570.690,5074180.936
25549,528561.657,5074105.192
25550,528531.776,5074141.327
25550,528494.252,5074161.479
25550,528513.709,5074191.359
25550,528556.792,5074183.020
25551,528494.252,5074162.868
25551,528463.165,5074189.000
25551,528470.196,5074196.000
25551,528513.014,5074190.664
25552,528456.032,5074231.663
25552,528469.235,5074196.224
25552,528463.676,5074189.275
25552,528410.169,5074231.663
25552,528419.897,5074267.103
25552,528456.032,5074259.459
25553,528557.487,5074183.020
25553,528470.196,5074196.000
25553,528456.032,5074231.663
25553,528573.470,5074212.901
25554,528581.809,5074249.731
25554,528574.860,5074214.291
25554,528455.337,5074231.663
25554,528456.727,5074276.137
25555,528592.232,5074290.035
25555,528581.809,5074250.426
25555,528456.727,5074276.137
25555,528471.846,5074320.000
25556,528474.115,5074343.000
25556,528471.342,5074323.000
25556,528462.130,5074363.000
25556,528475.674,5074367.000
25556,528474.115,5074343.000
25557,528416.248,5074286.000
25557,528419.897,5074266.408
25557,528410.864,5074232.358
25557,528376.119,5074257.375
25557,528394.267,5074285.000
25557,528414.919,5074286.000
25557,528416.248,5074286.000
25558,528320.875,5074296.000
25558,528274.961,5074276.000
25558,528274.485,5074276.000
25558,528269.110,5074292.000
25558,528319.906,5074298.000
25558,528320.875,5074296.000
25560,528175.101,5074377.770
25560,528182.725,5074367.442
25560,528171.658,5074360.064
25560,528162.067,5074348.260
25560,528135.262,5074351.457
25560,528141.656,5074374.082
25560,528137.374,5074379.438
25560,528170.034,5074399.590
25560,528181.847,5074391.251
25561,528156.967,5074337.000
25561,528155.673,5074330.553
25561,528135.262,5074333.996
25561,528137.190,5074339.000
25561,528156.967,5074337.000
25563,528142.394,5074373.836
25563,528132.065,5074341.620
25563,528118.209,5074346.000
25563,528124.696,5074365.000
25563,528133.294,5074387.361
25564,528133.540,5074387.361
25564,528118.209,5074346.000
25564,528100.095,5074351.949
25564,528117.310,5074402.608
25564,528128.868,5074393.509
25565,528100.341,5074351.949
25565,528084.856,5074356.000
25565,528096.160,5074394.247
25565,528112.391,5074389.083
25566,528096.406,5074394.001
25566,528088.878,5074372.000
25566,528052.721,5074386.000
25566,528060.502,5074405.560
25567,528086.569,5074360.802
25567,528093.455,5074358.588
25567,528090.258,5074348.997
25567,528047.960,5074364.982
25567,528050.969,5074374.000
25567,528086.077,5074360.556
25568,528088.878,5074372.000
25568,528086.077,5074360.556
25568,528050.969,5074374.000
25568,528052.721,5074386.000
25568,528088.878,5074372.000
25569,528097.764,5074419.047
25569,528081.087,5074437.809
25569,528120.994,5074465.545
25569,528125.008,5074457.000
25570,528156.935,5074440.000
25570,528163.235,5074433.000
25570,528129.035,5074393.336
25570,528110.273,5074407.234
25570,528144.656,5074444.000
25570,528156.935,5074440.000
25571,528154.051,5074493.401
25571,528133.899,5074460.046
25571,528121.391,5074464.910
25571,528081.782,5074438.504
25571,528072.053,5074450.317
25571,528099.620,5074480.169
25571,528120.001,5074509.384
25572,528117.916,5074509.384
25572,528099.849,5074479.503
25572,528070.663,5074451.012
25572,528053.986,5074468.385
25572,528102.629,5074519.112
25573,528081.782,5074529.536
25573,528101.239,5074518.417
25573,528053.291,5074469.080
25573,528037.308,5074484.367
25574,528081.782,5074528.146
25574,528037.308,5074484.367
25574,528024.800,5074502.435
25574,528042.172,5074519.112
25574,528052.596,5074545.519
25575,528042.017,5074521.000
25575,528043.936,5074518.000
25575,528024.105,5074500.350
25575,527995.614,5074521.197
25575,528042.017,5074521.000
25576,528041.442,5074520.746
25576,527995.625,5074522.308
25576,527992.298,5074553.392
25576,528017.492,5074548.861
25576,528028.946,5074559.794
25576,528052.896,5074544.696
25577,528019.054,5074549.902
25577,528005.665,5074554.799
25577,528028.863,5074571.000
25577,528028.946,5074560.315
25578,528054.580,5074612.000
25578,528047.263,5074604.000
25578,527989.898,5074580.620
25578,527955.536,5074601.446
25578,527954.494,5074611.338
25578,528055.094,5074616.000
25578,528054.580,5074612.000
25579,528056.541,5074625.396
25579,528055.094,5074616.000
25579,527955.015,5074611.338
25579,527949.288,5074645.180
25579,528014.889,5074652.990
25580,528015.930,5074652.469
25580,527950.792,5074647.660
25580,527948.682,5074677.910
25580,527984.560,5074678.614
25581,528009.886,5074704.643
25581,528033.112,5074693.079
25581,528057.582,5074645.180
25581,528056.020,5074625.916
25581,527989.484,5074670.875
25582,527965.948,5074734.210
25582,528040.921,5074752.953
25582,528046.648,5074714.426
25582,528065.912,5074707.137
25582,528100.745,5074708.526
25582,528088.300,5074650.907
25582,528058.102,5074643.618
25582,528032.591,5074693.079
25583,528098.713,5074711.822
25583,528066.869,5074706.000
25583,528045.607,5074714.426
25583,528040.921,5074757.639
25583,528071.498,5074767.021
25586,528028.863,5074571.000
25586,528004.961,5074555.502
25586,527988.781,5074579.421
25586,528047.263,5074604.000
25586,528028.863,5074571.000
25587,528069.408,5074589.000
25587,528064.438,5074566.000
25587,528053.937,5074544.696
25587,528028.426,5074558.753
25587,528028.863,5074571.000
25587,528047.263,5074604.000
25587,528053.937,5074610.818
25587,528059.144,5074642.577
25589,528285.103,5074573.331
25589,528267.922,5074527.515
25589,528218.981,5074548.861
25589,528245.859,5074589.286
25590,528217.736,5074619.658
25590,528246.055,5074589.471
25590,528218.981,5074548.340
25590,528173.685,5074570.207
25590,528171.603,5074580.100
25591,528328.317,5074545.737
25591,528301.243,5074508.251
25591,528267.922,5074528.556
25591,528285.103,5074573.852
25591,528321.228,5074562.288
25592,528303.326,5074492.111
25592,528301.243,5074509.813
25592,528328.317,5074543.654
25592,528341.869,5074541.000
25592,528336.869,5074536.000
25592,528336.869,5074531.000
25592,528340.351,5074519.541
25592,528341.333,5074493.673
25593,528371.530,5074456.707
25593,528307.491,5074463.475
25593,528302.805,5074492.111
25593,528386.473,5074498.168
25593,528378.983,5074478.000
25594,528302.104,5074503.792
25594,528306.970,5074463.996
25594,528289.789,5074459.310
25594,528269.026,5074466.000
25594,528278.682,5074495.000
25594,528297.078,5074509.813
25595,528278.335,5074494.193
25595,528268.963,5074465.558
25595,528228.874,5074477.533
25595,528249.699,5074535.324
25595,528272.857,5074524.041
25595,528297.078,5074509.813
25596,528251.483,5074535.290
25596,528228.874,5074477.012
25596,528189.825,5074488.987
25596,528213.775,5074549.902
25597,528214.361,5074548.789
25597,528189.305,5074488.987
25597,528137.761,5074510.333
25597,528166.917,5074574.372
25597,528172.644,5074569.687
25599,528154.422,5074589.471
25599,528167.115,5074573.537
25599,528134.637,5074502.003
25599,528103.919,5074517.102
25599,528118.460,5074545.000
25599,528128.329,5074554.000
25599,528121.100,5074568.125
25600,528079.449,5074530.118
25600,528083.327,5074534.000
25600,528118.460,5074545.000
25600,528103.919,5074516.581
25602,528126.827,5074553.026
25602,528117.977,5074544.175
25602,528079.449,5074532.721
25602,528053.417,5074544.175
25602,528064.350,5074565.001
25602,528069.408,5074589.000
25602,528058.102,5074643.618
25602,528088.371,5074650.031
25603,527956.056,5074602.487
25603,527924.818,5074622.272
25603,527879.138,5074672.529
25603,527934.843,5074718.000
25603,527941.191,5074702.000
25606,527937.633,5074720.900
25606,527884.207,5074675.377
25606,527843.076,5074723.277
25606,527906.136,5074765.897
25607,527843.076,5074724.318
25607,527809.755,5074784.713
25607,527876.888,5074805.268
25607,527902.430,5074769.614
25608,527875.877,5074805.538
25608,527808.714,5074784.713
25608,527797.780,5074801.894
25608,527787.368,5074845.107
25608,527873.513,5074858.139
25609,527855.515,5074906.510
25609,527868.067,5074859.165
25609,527786.326,5074845.628
25609,527771.228,5074906.023
25609,527804.028,5074906.543
25611,527791.012,5074972.665
25611,527780.079,5074969.021
25611,527760.294,5075004.945
25611,527825.375,5075057.530
25611,527847.640,5075017.877
25613,527829.642,5075057.248
25613,527760.294,5075004.945
25613,527725.411,5075043.473
25613,527779.135,5075087.000
25613,527808.193,5075103.867
25614,527779.037,5075087.207
25614,527728.535,5075045.555
25614,527684.994,5075077.811
25614,527725.299,5075111.861
25614,527793.095,5075131.982
25614,527811.643,5075103.370
25615,528519.268,5074370.643
25615,528482.507,5074369.000
25615,528444.914,5074417.896
25615,528467.845,5074429.710
25615,528495.641,5074429.015
25615,528506.065,5074409.557
25617,528361.725,5074421.674
25617,528300.871,5074439.000
25617,528305.408,5074463.996
25617,528372.051,5074457.228
25618,528306.450,5074469.202
25618,528299.854,5074435.173
25618,528249.699,5074455.666
25618,528255.427,5074472.326
25618,528288.227,5074461.393
25619,528254.906,5074472.847
25619,528250.358,5074453.171
25619,528209.610,5074468.682
25619,528216.899,5074486.384
25619,528230.956,5074481.177
25620,528456.727,5074275.442
25620,528456.727,5074259.459
25620,528420.592,5074265.713
25620,528401.830,5074324.085
25620,528440.744,5074337.288
25620,528448.388,5074317.831
25620,528469.930,5074318.526
25621,528462.130,5074363.000
25621,528471.342,5074323.000
25621,528471.846,5074320.000
25621,528447.679,5074318.000
25621,528432.452,5074360.000
25621,528458.398,5074364.000
25621,528462.130,5074363.000
25622,528458.398,5074364.000
25622,528413.643,5074342.847
25622,528374.034,5074380.372
25622,528419.202,5074408.863
25622,528442.134,5074394.965
25622,528458.398,5074364.000
25624,528335.815,5074343.542
25624,528348.226,5074304.000
25624,528346.933,5074309.492
25624,528320.875,5074296.000
25624,528319.906,5074298.000
25624,528301.070,5074353.271
25624,528312.883,5074351.186
25625,528294.590,5074369.000
25625,528319.906,5074298.000
25625,528269.110,5074292.000
25625,528261.940,5074311.000
25625,528275.358,5074369.253
25625,528294.590,5074369.000
25626,528275.239,5073697.429
25626,528272.523,5073690.305
25626,528255.002,5073617.834
25626,528234.370,5073620.541
25626,528257.229,5073696.043
25629,528297.405,5073612.228
25629,528245.453,5073563.740
25629,528234.370,5073620.541
25629,528254.124,5073619.000
25632,528257.229,5074140.054
25632,528257.922,5074045.849
25632,528214.710,5074058.000
25632,528204.538,5074086.000
25632,528203.087,5074131.000
25632,528214.283,5074150.445
25632,528238.228,5074141.000
25634,527455.678,5075015.270
25634,527443.170,5075029.863
25634,527452.203,5075042.371
25634,527474.440,5075018.745
25635,527463.322,5074990.949
25635,527428.577,5075020.829
25635,527442.475,5075029.863
25635,527461.756,5075005.000
25636,528896.033,5073897.000
25636,528841.589,5073848.000
25636,528819.673,5073882.000
25636,528887.091,5073926.000
25636,528896.033,5073897.000
25637,528913.819,5073875.000
25637,528911.485,5073869.000
25637,528895.450,5073849.000
25637,528868.289,5073834.000
25637,528847.329,5073833.000
25637,528841.589,5073848.000
25637,528896.033,5073897.000
25637,528913.819,5073875.000
25638,528893.412,5073948.000
25638,528887.091,5073926.000
25638,528819.673,5073882.000
25638,528733.523,5073932.000
25638,528740.755,5073962.000
25638,528893.412,5073948.000
25639,528932.252,5073997.000
25639,528930.800,5073985.000
25639,528893.412,5073948.000
25639,528740.755,5073962.000
25639,528740.680,5073998.000
25639,528932.252,5073997.000
25640,528944.856,5074031.000
25640,528932.252,5073997.000
25640,528740.680,5073998.000
25640,528737.728,5074015.000
25640,528735.412,5074041.000
25640,528944.856,5074031.000
25641,528940.982,5073969.000
25641,528946.200,5073900.000
25641,528945.301,5073890.000
25641,528933.151,5073879.000
25641,528913.819,5073875.000
25641,528896.033,5073897.000
25641,528887.091,5073926.000
25641,528893.412,5073948.000
25641,528930.800,5073985.000
25641,528940.982,5073969.000
25642,528975.611,5073943.000
25642,528994.450,5073907.000
25642,528946.200,5073900.000
25642,528940.982,5073969.000
25642,528975.611,5073943.000
25643,528997.396,5073903.000
25643,528993.391,5073881.000
25643,528975.703,5073878.000
25643,528945.301,5073890.000
25643,528946.200,5073900.000
25643,528994.450,5073907.000
25643,528997.396,5073903.000
25644,528975.703,5073878.000
25644,528968.338,5073861.000
25644,528942.460,5073863.000
25644,528933.151,5073879.000
25644,528945.301,5073890.000
25644,528975.703,5073878.000
25645,528968.338,5073861.000
25645,528961.093,5073819.000
25645,528956.353,5073819.000
25645,528942.460,5073863.000
25645,528968.338,5073861.000
25646,529057.754,5073832.000
25646,529038.209,5073844.000
25646,529036.076,5073871.000
25646,529054.982,5073883.000
25646,529057.754,5073832.000
25647,529038.209,5073844.000
25647,529022.022,5073835.000
25647,529020.327,5073838.000
25647,529020.683,5073868.000
25647,529036.076,5073871.000
25647,529038.209,5073844.000
25648,529020.683,5073868.000
25648,529020.327,5073838.000
25648,529003.708,5073843.000
25648,529007.643,5073872.000
25648,529020.683,5073868.000
25649,529007.643,5073872.000
25649,529003.708,5073843.000
25649,528983.547,5073831.000
25649,528994.752,5073880.000
25649,529007.643,5073872.000
25650,528994.752,5073880.000
25650,528983.547,5073831.000
25650,528973.301,5073818.000
25650,528961.093,5073819.000
25650,528968.338,5073861.000
25650,528975.703,5073878.000
25650,528993.391,5073881.000
25650,528994.752,5073880.000
25651,528942.460,5073863.000
25651,528956.353,5073819.000
25651,528950.657,5073816.000
25651,528911.485,5073869.000
25651,528913.819,5073875.000
25651,528933.151,5073879.000
25651,528942.460,5073863.000
25652,528950.657,5073816.000
25652,528945.625,5073811.000
25652,528895.450,5073849.000
25652,528911.485,5073869.000
25652,528950.657,5073816.000
25653,528930.102,5073790.000
25653,528926.829,5073775.000
25653,528916.910,5073767.000
25653,528845.734,5073818.000
25653,528845.398,5073828.000
25653,528847.329,5073833.000
25653,528868.289,5073834.000
25653,528930.102,5073790.000
25654,528945.625,5073811.000
25654,528930.102,5073790.000
25654,528868.289,5073834.000
25654,528895.450,5073849.000
25654,528945.625,5073811.000
25655,528916.910,5073767.000
25655,528902.226,5073749.000
25655,528846.537,5073799.000
25655,528843.553,5073805.000
25655,528845.734,5073818.000
25655,528916.910,5073767.000
25656,528902.226,5073749.000
25656,528873.224,5073691.000
25656,528846.537,5073799.000
25656,528902.226,5073749.000
25657,528846.537,5073799.000
25657,528873.224,5073691.000
25657,528870.370,5073682.000
25657,528854.900,5073670.000
25657,528820.825,5073776.000
25657,528843.553,5073805.000
25657,528846.537,5073799.000
25658,528854.900,5073670.000
25658,528816.766,5073625.000
25658,528811.813,5073623.000
25658,528788.491,5073624.000
25658,528682.728,5073665.000
25658,528589.023,5073718.000
25658,528804.424,5073774.000
25658,528820.825,5073776.000
25658,528854.900,5073670.000
25659,528845.734,5073818.000
25659,528843.553,5073805.000
25659,528820.825,5073776.000
25659,528804.424,5073774.000
25659,528798.126,5073816.000
25659,528805.834,5073819.000
25659,528845.398,5073828.000
25659,528845.734,5073818.000
25660,528820.159,5073881.434
25660,528841.589,5073848.000
25660,528847.329,5073833.000
25660,528845.398,5073828.000
25660,528798.617,5073816.809
25660,528749.279,5073843.215
25660,528781.245,5073903.671
25662,528672.841,5073993.313
25662,528727.043,5073975.941
25662,528727.738,5073932.857
25662,528779.855,5073903.671
25662,528749.974,5073844.605
25662,528693.688,5073875.875
25662,528645.740,5073941.891
25662,528631.147,5073986.364
25662,528655.468,5073991.228
25663,528664.502,5074032.227
25663,528672.146,5073993.313
25663,528629.757,5073987.754
25663,528621.418,5074016.940
25666,528664.502,5074032.227
25666,528621.418,5074018.329
25666,528613.774,5074037.092
25666,528617.249,5074061.413
25666,528683.264,5074060.023
25667,528683.959,5074080.175
25667,528683.264,5074061.413
25667,528616.554,5074062.108
25667,528614.469,5074085.040
25668,528683.264,5074096.158
25668,528615.859,5074099.633
25668,528616.554,5074145.496
25668,528617.249,5074172.597
25668,528683.264,5074169.817
25670,528467.845,5074109.361
25670,528458.110,5074107.000
25670,528429.626,5074070.447
25670,528371.254,5074068.362
25670,528374.034,5074118.395
25670,528437.965,5074121.174
25670,528434.490,5074176.766
25670,528455.337,5074180.936
25670,528463.676,5074144.106
25671,529151.244,5073952.000
25671,529141.134,5073942.000
25671,529132.111,5073935.000
25671,529077.195,5073932.000
25671,529069.286,5073937.000
25671,529067.555,5073945.000
25671,529067.854,5073950.000
25671,529084.244,5073978.000
25671,529151.244,5073952.000
25672,529148.175,5073906.000
25672,529147.220,5073890.000
25672,529146.783,5073889.000
25672,529137.323,5073884.000
25672,529121.892,5073885.000
25672,529077.195,5073932.000
25672,529132.111,5073935.000
25672,529148.175,5073906.000
25673,529077.195,5073932.000
25673,529121.892,5073885.000
25673,529112.653,5073873.000
25673,529098.987,5073867.000
25673,529089.262,5073865.000
25673,529074.178,5073868.000
25673,529055.685,5073883.000
25673,529062.469,5073925.000
25673,529069.286,5073937.000
25673,529077.195,5073932.000
25674,529097.902,5073822.000
25674,529088.662,5073815.000
25674,529089.262,5073865.000
25674,529098.987,5073867.000
25674,529097.902,5073822.000
25684,528714.848,5073485.000
25684,528692.671,5073479.000
25684,528687.361,5073523.000
25684,528689.498,5073570.000
25684,528714.848,5073485.000
25685,528692.671,5073479.000
25685,528679.649,5073469.000
25685,528637.540,5073459.000
25685,528632.964,5073461.000
25685,528687.361,5073523.000
25685,528692.671,5073479.000
25686,528723.268,5073383.000
25686,528698.593,5073343.078
25686,528685.054,5073319.983
25686,528639.337,5073457.000
25686,528723.268,5073383.000
25687,528743.056,5073408.000
25687,528723.908,5073384.000
25687,528723.268,5073383.000
25687,528639.337,5073457.000
25687,528637.540,5073459.000
25687,528679.649,5073469.000
25687,528743.056,5073408.000
25688,528760.715,5073423.000
25688,528758.367,5073419.000
25688,528743.056,5073408.000
25688,528679.649,5073469.000
25688,528692.671,5073479.000
25688,528714.848,5073485.000
25688,528720.345,5073485.000
25688,528760.715,5073423.000
25689,528780.597,5073438.000
25689,528760.715,5073423.000
25689,528720.345,5073485.000
25689,528723.659,5073488.000
25689,528754.096,5073516.000
25689,528780.597,5073438.000
25690,528799.349,5073445.000
25690,528780.597,5073438.000
25690,528754.096,5073516.000
25690,528816.459,5073505.542
25690,528799.349,5073445.000
25977,529480.412,5074324.000
25977,529472.500,5074249.000
25977,529455.745,5074239.000
25977,529417.754,5074243.000
25977,529403.400,5074318.659
26639,529071.911,5070919.052
26639,529055.432,5070875.663
26639,529028.068,5070878.989
26639,529035.174,5070908.923
26639,529027.463,5070912.551
26639,529033.511,5070932.205
26639,529028.370,5070934.321
26639,529036.383,5070977.560
26639,529038.802,5070990.864
26639,529043.186,5071043.929
26639,529111.370,5070992.376
26802,528127.004,5074290.367
26802,528128.390,5074241.879
26802,528106.014,5074240.000
26802,528095.833,5074266.123
26802,528086.829,5074275.128
26802,528104.196,5074293.000
26802,528127.004,5074300.757
26855,528394.267,5074285.000
26855,528376.814,5074256.680
26855,528364.305,5074263.629
26855,528378.480,5074290.000
26855,528394.267,5074285.000
26856,528372.636,5074292.000
26856,528376.413,5074290.000
26856,528365.695,5074264.324
26856,528351.102,5074271.968
26856,528363.199,5074293.000
26856,528372.636,5074292.000
26868,528160.305,5074394.031
26868,528138.763,5074379.438
26868,528129.035,5074393.336
26868,528143.628,5074410.708
27006,527479.304,5074979.830
27006,527464.017,5074993.728
27006,527461.756,5075005.000
27006,527468.186,5075008.321
27006,527489.728,5074988.864
27109,529157.385,5073833.000
27109,529168.948,5073829.000
27109,529202.308,5073803.000
27109,529220.720,5073778.000
27109,529208.122,5073780.000
27109,529191.702,5073784.000
27109,529112.668,5073830.000
27109,529114.631,5073833.000
27109,529124.654,5073838.000
27109,529157.385,5073833.000
27169,529419.600,5074165.000
27169,529428.008,5074142.000
27169,529356.278,5074118.000
27169,529348.298,5074124.000
27169,529342.842,5074136.000
27169,529357.621,5074193.000
27169,529376.822,5074198.000
27169,529419.600,5074165.000
27178,528895.018,5073278.000
27178,528829.998,5073201.320
27178,528816.759,5073292.000
27178,528815.719,5073312.000
27178,528826.753,5073351.000
27178,528852.168,5073379.000
27178,528893.621,5073382.000
27178,528895.018,5073278.000
27179,529026.747,5073280.000
27179,528990.073,5073129.645
27179,528989.276,5073128.849
27179,528908.044,5073151.148
27179,528863.446,5073054.784
27179,528792.985,5073063.000
27179,528829.019,5073200.000
27179,528895.018,5073278.000
27179,528918.814,5073293.000
27179,529026.747,5073280.000
27185,529019.521,5073545.000
27185,529024.423,5073542.000
27185,529045.285,5073457.000
27185,529024.824,5073446.000
27185,528996.123,5073503.000
27185,529019.083,5073546.000
27185,529019.521,5073545.000
27191,528937.448,5073573.000
27191,528932.147,5073512.000
27191,528859.730,5073501.000
27191,528756.730,5073515.895
27191,528789.382,5073622.612
27191,528816.766,5073625.000
27191,528937.448,5073573.000
27192,529219.786,5074102.000
27192,529245.089,5074064.000
27192,529245.971,5074057.000
27192,529216.664,5074030.000
27192,529148.268,5074075.000
27192,529150.703,5074096.000
27192,529171.224,5074115.000
27192,529174.508,5074118.000
27192,529219.786,5074102.000
27193,529119.902,5074050.000
27193,529115.002,5074019.000
27193,529107.035,5074005.000
27193,529094.781,5073998.000
27193,529068.377,5074040.000
27193,529094.966,5074060.000
27193,529119.902,5074050.000
27315,529469.942,5072376.000
27315,529443.240,5072358.647
27315,529402.977,5072325.296
27315,529363.664,5072375.842
27315,529416.082,5072421.708
27315,529469.942,5072376.000
27371,528049.096,5072895.000
27371,528038.343,5072920.000
27371,528039.038,5072944.430
27371,528064.595,5072945.850
27371,528061.282,5073008.794
27371,528140.317,5073009.267
27371,528183.385,5073007.848
27371,528173.919,5072891.424
27408,527951.755,5074361.714
27408,527893.569,5074345.089
27408,527878.330,5074412.972
27408,527906.289,5074407.000
27408,527952.448,5074394.963
27410,528169.495,5073900.000
27410,528169.946,5073896.000
27410,528169.774,5073871.000
27410,528159.523,5073834.000
27410,528150.818,5073818.000
27410,528081.287,5073835.273
27410,528096.526,5073892.766
27410,528108.395,5073937.000
27410,528136.852,5073941.000
27410,528169.495,5073900.000
27428,528471.846,5074320.000
27428,528474.115,5074343.000
27428,528489.387,5074341.457
27428,528597.097,5074319.221
27428,528592.232,5074290.730
27458,527841.515,5075014.837
27458,527872.388,5074967.256
27458,527849.845,5074905.502
27458,527788.929,5074906.543
27458,527781.640,5074970.062
27458,527790.491,5074970.583
27460,528412.661,5074422.344
27460,528398.083,5074415.576
27460,528362.159,5074425.468
27460,528372.051,5074456.186
27460,528415.720,5074445.297
27464,528322.696,5073675.970
27464,528299.600,5073613.852
27464,528254.124,5073619.000
27464,528259.807,5073643.000
27464,528274.912,5073697.473
27464,528305.971,5073702.251
27469,528822.034,5074037.533
27469,528824.423,5074069.388
27469,528872.206,5074069.388
27469,528871.410,5074035.143
27471,528804.424,5073774.000
27471,528589.023,5073718.000
27471,528500.291,5073829.674
27471,528602.656,5073850.859
27471,528687.443,5073878.254
27471,528798.126,5073816.000
27471,528804.424,5073774.000
27488,529039.589,5073588.000
27488,529013.617,5073554.000
27488,528968.604,5073580.000
27488,528975.840,5073600.000
27488,528999.541,5073620.000
27488,529018.210,5073621.000
27488,529039.589,5073588.000
28193,528823.476,5070995.364
28193,528820.265,5070939.174
28193,528647.536,5070947.900
28193,528654.898,5071038.442
28193,528724.461,5071055.741
28193,528727.953,5071017.037
28208,528701.464,5070878.168
28208,528658.210,5070876.497
28208,528642.384,5070923.608
28208,528650.481,5070946.796
28208,528723.137,5070942.385
28213,528208.737,5074466.670
28213,528135.158,5074502.003
28213,528138.282,5074510.333
28213,528214.296,5074480.657
28214,528181.034,5073986.278
28214,528192.809,5073953.722
28214,528136.852,5073941.000
28214,528108.395,5073937.000
28214,528103.122,5073937.000
28214,528095.833,5073956.493
28214,528094.445,5073988.000
28214,528134.746,5073986.000
28217,528969.785,5073732.000
28217,528970.404,5073714.000
28217,528919.873,5073703.000
28217,528967.332,5073741.000
28217,528969.785,5073732.000
28221,528331.570,5074290.000
28221,528304.361,5074242.000
28221,528274.961,5074276.000
28221,528320.875,5074296.000
28221,528331.570,5074290.000
28222,528967.924,5073749.000
28222,528967.332,5073741.000
28222,528919.873,5073703.000
28222,528889.055,5073687.000
28222,528873.659,5073682.000
28222,528870.370,5073682.000
28222,528873.224,5073691.000
28222,528902.226,5073749.000
28222,528916.910,5073767.000
28222,528926.829,5073775.000
28222,528967.924,5073749.000
28223,529192.282,5073917.000
28223,529165.425,5073893.000
28223,529147.220,5073890.000
28223,529148.175,5073906.000
28223,529155.623,5073918.000
28223,529181.230,5073950.000
28223,529192.282,5073917.000
28224,529315.891,5073911.000
28224,529224.212,5073822.507
28224,529208.983,5073890.000
28224,529213.182,5073903.000
28224,529251.857,5073914.000
28224,529315.891,5073911.000
28227,529131.391,5073637.000
28227,529105.734,5073650.000
28227,529105.948,5073651.000
28227,529113.606,5073654.000
28227,529132.964,5073655.000
28227,529131.391,5073637.000
28228,529074.954,5073753.000
28228,529056.388,5073748.000
28228,529051.393,5073757.000
28228,529081.666,5073774.000
28228,529074.954,5073753.000
28229,529022.441,5073815.000
28229,529029.321,5073809.000
28229,529013.539,5073794.000
28229,528986.101,5073794.000
28229,528975.320,5073817.000
28229,529022.441,5073815.000
28230,529127.224,5073678.000
28230,529131.648,5073676.000
28230,529120.062,5073670.000
28230,529119.669,5073680.000
28230,529127.224,5073678.000
28231,529068.377,5074040.000
28231,529094.781,5073998.000
28231,529088.373,5073989.000
28231,528997.240,5074047.089
28231,529010.779,5074089.298
28231,529068.377,5074040.000
28232,529057.501,5074126.000
28232,529130.793,5074065.000
28232,529119.902,5074050.000
28232,529094.966,5074060.000
28232,529030.851,5074128.000
28232,529057.501,5074126.000
28233,529354.441,5074056.000
28233,529368.359,5074038.329
28233,529317.390,5074006.473
28233,529293.409,5074061.000
28233,529296.302,5074062.000
28233,529354.441,5074056.000
28234,529149.186,5074132.000
28234,529115.117,5074144.000
28234,529138.143,5074170.000
28234,529149.186,5074132.000
28235,529155.623,5073918.000
28235,529148.175,5073906.000
28235,529132.111,5073935.000
28235,529141.134,5073942.000
28235,529155.623,5073918.000
28247,529137.510,5071557.590
28247,529131.296,5071522.081
28247,529055.961,5071542.209
28247,529066.469,5071584.240
28250,529421.373,5071277.918
28250,529413.390,5071254.651
28250,529376.209,5071267.653
28250,529388.526,5071292.516
28250,529411.469,5071282.000
28252,529006.761,5070964.831
28252,528973.164,5070960.768
28252,528939.422,5071011.000
28252,528967.581,5071024.000
28253,528049.789,5072786.000
28253,527927.820,5072740.925
28253,527932.080,5072766.954
28253,528059.520,5072812.000
28253,528061.112,5072806.000
28253,528049.789,5072786.000
28254,528431.423,5073940.000
28254,528457.422,5073900.197
28254,528339.289,5073882.129
28254,528330.950,5073959.958
28254,528360.136,5073964.822
28254,528377.133,5073958.000
28254,528431.423,5073940.000
28255,527936.557,5074519.176
28255,527929.176,5074492.000
28255,527909.751,5074413.675
28255,527861.305,5074426.955
28255,527891.553,5074542.784
28255,527914.178,5074539.587
28256,528334.117,5073953.722
28256,528336.195,5073908.005
28256,528295.457,5073899.000
28256,528276.128,5073905.000
28256,528263.571,5073915.000
28256,528261.385,5073953.029
28257,528292.758,5073898.000
28257,528296.712,5073877.527
28257,528238.527,5073874.063
28257,528238.527,5073901.078
28257,528276.128,5073905.000
28257,528292.758,5073898.000
28258,528304.332,5073748.687
28258,528289.785,5073717.516
28258,528253.766,5073722.365
28258,528246.839,5073758.385
28258,528262.771,5073769.468
28258,528305.024,5073773.624
28260,528170.643,5074063.859
28260,528169.258,5074031.303
28260,528101.375,5074042.386
28260,528102.760,5074059.703
28260,528106.224,5074076.327
28261,528105.531,5074075.635
28261,528063.074,5074069.000
28261,528030.721,5074051.391
28261,528015.482,5074078.405
28261,528111.073,5074128.971
28264,528112.637,5074388.837
28264,528060.502,5074405.560
28264,528077.612,5074441.979
28264,528092.717,5074423.758
28264,528117.064,5074401.133
28265,528142.933,5074443.368
28265,528110.967,5074408.623
28265,528097.764,5074419.742
28265,528125.008,5074457.000
28266,528039.359,5074775.862
28266,527961.516,5074754.000
28266,527954.494,5074789.398
28266,528032.126,5074817.642
28267,528213.254,5074619.148
28267,528171.603,5074580.620
28267,528173.685,5074569.687
28267,528154.422,5074588.950
28267,528120.580,5074568.645
28267,528089.341,5074650.386
28267,528117.456,5074663.403
28267,528125.266,5074695.683
28267,528166.396,5074713.905
28267,528200.862,5074651.156
28268,528403.915,5074324.085
28268,528414.919,5074286.000
28268,528394.267,5074285.000
28268,528378.480,5074290.000
28268,528376.413,5074290.000
28268,528372.636,5074292.000
28268,528349.018,5074303.933
28268,528347.628,5074310.882
28269,528683.264,5074096.158
28269,528683.264,5074080.870
28269,528614.469,5074084.345
28269,528615.859,5074098.938
28270,528414.497,5074016.000
28270,528422.960,5073978.000
28270,528432.406,5073938.416
28270,528357.356,5073966.212
28270,528358.746,5073996.093
28270,528371.949,5074027.363
28270,528414.497,5074016.000
28288,529031.098,5073808.000
28288,529025.695,5073761.000
28288,529012.298,5073769.000
28288,529010.860,5073789.000
28288,529013.539,5073794.000
28288,529029.321,5073809.000
28288,529031.098,5073808.000
28298,528723.659,5073488.000
28298,528720.345,5073485.000
28298,528714.848,5073485.000
28298,528689.498,5073570.000
28298,528688.850,5073584.000
28298,528723.659,5073488.000
28305,528859.730,5073501.000
28305,528860.438,5073467.000
28305,528825.224,5073442.000
28305,528799.965,5073445.000
28305,528816.459,5073506.339
28305,528859.730,5073501.000
28316,528788.491,5073624.000
28316,528776.769,5073576.000
28316,528754.096,5073516.000
28316,528723.659,5073488.000
28316,528688.850,5073584.000
28316,528682.728,5073665.000
28316,528788.491,5073624.000
28317,528589.023,5073718.000
28317,528682.728,5073665.000
28317,528688.850,5073584.000
28317,528689.498,5073570.000
28317,528687.361,5073523.000
28317,528632.964,5073461.000
28317,528629.922,5073461.000
28317,528592.673,5073573.236
28317,528494.295,5073641.000
28317,528554.820,5073733.000
28317,528589.023,5073718.000
28683,529251.289,5073697.473
28683,529111.876,5073699.000
28683,529099.117,5073704.000
28683,529093.316,5073710.000
28683,529107.415,5073730.000
28683,529226.601,5073734.903
28700,528162.244,5074348.000
28700,528156.967,5074337.000
28700,528137.190,5074339.000
28700,528130.532,5074342.000
28700,528136.000,5074351.703
28700,528159.327,5074349.000
28700,528162.244,5074348.000
28702,528363.199,5074293.000
28702,528351.797,5074271.273
28702,528330.950,5074284.476
28702,528331.570,5074290.000
28702,528348.226,5074304.000
28702,528363.199,5074293.000
5,528500.225,5074519.472
5,528500.225,5074519.472
5,528477.652,5074435.627
5,528529.249,5074413.054
5,528563.647,5074391.555
5,528679.740,5074364.681
5,528731.337,5074372.206
5,528805.507,5074443.152
5,528836.681,5074499.048
5,528854.954,5074552.795
5,528821.631,5074620.516
5,528754.985,5074664.589
5,528648.567,5074683.938
5,528552.897,5074674.263
5,528505.600,5074594.718
5,528500.225,5074516.247
24,529762.792,5071202.533
24,529878.727,5071189.026
24,530068.389,5071081.398
24,530277.073,5070810.108
24,530147.225,5070520.269
24,529824.699,5070805.201
24,529695.847,5071048.339
24,529760.541,5071205.910
35,529120.138,5071155.955
35,529131.024,5071149.303
35,529123.767,5071139.930
35,529113.789,5071144.163
36,529113.637,5071143.861
36,529107.741,5071131.615
36,529115.301,5071129.196
36,529124.069,5071140.081
36,529113.789,5071143.710
37,529107.893,5071131.917
37,529135.559,5071120.881
37,529132.233,5071113.473
37,529117.719,5071119.369
37,529110.614,5071108.938
37,529096.251,5071116.799
37,529100.031,5071119.974
37,529106.532,5071127.382
37,529107.590,5071131.162