0.000000000000000000e+00 0.000000000000000000e+00
5.000000000000000000e+00 1.773769331113364212e+00
1.000000000000000000e+01 2.034695986829855308e+00
1.500000000000000000e+01 2.417649110386873357e+00
2.000000000000000000e+01 3.050846846049100947e+00
2.500000000000000000e+01 4.380647386421504308e+00
3.000000000000000000e+01 1.764038861025153793e+01
3.500000000000000000e+01 1.764038861025152727e+01
4.000000000000000000e+01 4.380647386421505196e+00
4.500000000000000000e+01 3.050846846049103167e+00
5.000000000000000000e+01 2.417649110386867140e+00
5.500000000000000000e+01 2.034695986829861525e+00
6.000000000000000000e+01 1.773769331113363101e+00
