0.000000000000000000e+00 0.000000000000000000e+00
5.000000000000000000e+00 8.399187956418133760e-01
1.000000000000000000e+01 9.632784248645775982e-01
1.500000000000000000e+01 1.144287178301868879e+00
2.000000000000000000e+01 1.443486081549646194e+00
2.500000000000000000e+01 2.071550821131478592e+00
3.000000000000000000e+01 8.312933500470773396e+00
3.500000000000000000e+01 8.312933500470768067e+00
4.000000000000000000e+01 2.071550821131479481e+00
4.500000000000000000e+01 1.443486081549646416e+00
5.000000000000000000e+01 1.144287178301869101e+00
5.500000000000000000e+01 9.632784248645771541e-01
6.000000000000000000e+01 8.399187956418141532e-01
