0.000000000000000000e+00 0.000000000000000000e+00
5.000000000000000000e+00 1.985859919185150702e+00
1.000000000000000000e+01 2.277524952269490477e+00
1.500000000000000000e+01 2.705492549063308605e+00
2.000000000000000000e+01 3.412902733127458621e+00
2.500000000000000000e+01 4.897866040843358526e+00
3.000000000000000000e+01 1.965466368307878398e+01
3.500000000000000000e+01 1.965466368307876976e+01
4.000000000000000000e+01 4.897866040843358526e+00
4.500000000000000000e+01 3.412902733127465282e+00
5.000000000000000000e+01 2.705492549063313934e+00
5.500000000000000000e+01 2.277524952269475822e+00
6.000000000000000000e+01 1.985859919185158695e+00
