0.000000000000000000e+00 0.000000000000000000e+00
5.000000000000000000e+00 1.796537271739242492e+00
1.000000000000000000e+01 2.060396317252423337e+00
1.500000000000000000e+01 2.447563474063890521e+00
2.000000000000000000e+01 3.087532461705599474e+00
2.500000000000000000e+01 4.430926274986985547e+00
3.000000000000000000e+01 1.778087947141783687e+01
3.500000000000000000e+01 1.778087947141782976e+01
4.000000000000000000e+01 4.430926274986984659e+00
4.500000000000000000e+01 3.087532461705598141e+00
5.000000000000000000e+01 2.447563474063896738e+00
5.500000000000000000e+01 2.060396317252413567e+00
6.000000000000000000e+01 1.796537271739246044e+00
