0.000000000000000000e+00 0.000000000000000000e+00
5.000000000000000000e+00 1.960998030703885675e+00
1.000000000000000000e+01 2.249466575651057454e+00
1.500000000000000000e+01 2.672841987534992914e+00
2.000000000000000000e+01 3.372876366808194248e+00
2.500000000000000000e+01 4.843042862055024322e+00
3.000000000000000000e+01 1.950240469195689386e+01
3.500000000000000000e+01 1.950240469195687965e+01
4.000000000000000000e+01 4.843042862055026099e+00
4.500000000000000000e+01 3.372876366808197801e+00
5.000000000000000000e+01 2.672841987534985808e+00
5.500000000000000000e+01 2.249466575651072109e+00
6.000000000000000000e+01 1.960998030703875905e+00
