0.000000000000000000e+00 0.000000000000000000e+00
5.000000000000000000e+00 1.349232760983959833e+00
1.000000000000000000e+01 1.547395790545649907e+00
1.500000000000000000e+01 1.838165495223875956e+00
2.000000000000000000e+01 2.318794056469366982e+00
2.500000000000000000e+01 3.327707688429625055e+00
3.000000000000000000e+01 1.335376976549930284e+01
3.500000000000000000e+01 1.335376976549929395e+01
4.000000000000000000e+01 3.327707688429622390e+00
4.500000000000000000e+01 2.318794056469370979e+00
5.000000000000000000e+01 1.838165495223875290e+00
5.500000000000000000e+01 1.547395790545651684e+00
6.000000000000000000e+01 1.349232760983958501e+00
