0.000000000000000000e+00 0.000000000000000000e+00
5.000000000000000000e+00 8.277312543156011282e-01
1.000000000000000000e+01 9.494929423954268088e-01
1.500000000000000000e+01 1.128198405245527391e+00
2.000000000000000000e+01 1.423680769708619787e+00
2.500000000000000000e+01 2.044233538304021991e+00
3.000000000000000000e+01 8.231905205967811057e+00
3.500000000000000000e+01 8.231905205967807504e+00
4.000000000000000000e+01 2.044233538304021991e+00
4.500000000000000000e+01 1.423680769708620675e+00
5.000000000000000000e+01 1.128198405245526725e+00
5.500000000000000000e+01 9.494929423954312497e-01
6.000000000000000000e+01 8.277312543155975755e-01
