0.000000000000000000e+00 0.000000000000000000e+00
5.000000000000000000e+00 1.331412101275799120e+00
1.000000000000000000e+01 1.527266714878968479e+00
1.500000000000000000e+01 1.814715829023446192e+00
2.000000000000000000e+01 2.290001489325149020e+00
2.500000000000000000e+01 3.288165399749507944e+00
3.000000000000000000e+01 1.324108296097019632e+01
3.500000000000000000e+01 1.324108296097018744e+01
4.000000000000000000e+01 3.288165399749512385e+00
4.500000000000000000e+01 2.290001489325148576e+00
5.000000000000000000e+01 1.814715829023440641e+00
5.500000000000000000e+01 1.527266714878978027e+00
6.000000000000000000e+01 1.331412101275794457e+00
