0.000000000000000000e+00 0.000000000000000000e+00
5.000000000000000000e+00 5.589615935726565121e-01
1.000000000000000000e+01 5.699133331584137485e-01
1.500000000000000000e+01 5.814114889926454977e-01
2.000000000000000000e+01 5.935008976125702995e-01
2.500000000000000000e+01 6.062316081670809931e-01
3.000000000000000000e+01 6.196596783895317317e-01
3.500000000000000000e+01 6.338481230894920104e-01
4.000000000000000000e+01 6.488680507394649633e-01
4.500000000000000000e+01 6.648000336192559923e-01
5.000000000000000000e+01 6.817357700914318253e-01
5.500000000000000000e+01 6.997801151315915513e-01
6.000000000000000000e+01 7.190535789738735639e-01
6.500000000000000000e+01 7.396954261892748628e-01
7.000000000000000000e+01 7.618675524261786514e-01
7.500000000000000000e+01 7.857593789815567886e-01
8.000000000000000000e+01 8.115940948076482142e-01
8.500000000000000000e+01 8.396367045647238347e-01
9.000000000000000000e+01 8.702045304896860456e-01
9.500000000000000000e+01 9.036810982267721171e-01
1.000000000000000000e+02 9.405347667010223178e-01
1.050000000000000000e+02 9.813441311430723957e-01
1.100000000000000000e+02 1.026833295018470871e+00
1.150000000000000000e+02 1.077921853949389108e+00
1.200000000000000000e+02 1.135797385989616659e+00
1.250000000000000000e+02 1.202023403514873356e+00
1.300000000000000000e+02 1.278705113621549261e+00
1.350000000000000000e+02 1.368753232531920050e+00
1.400000000000000000e+02 1.476322113922020840e+00
1.450000000000000000e+02 1.607575772067969533e+00
1.500000000000000000e+02 1.772115038205992699e+00
1.550000000000000000e+02 1.985859919185148925e+00
1.600000000000000000e+02 2.277524952269492253e+00
1.650000000000000000e+02 2.705492549063306829e+00
1.700000000000000000e+02 3.412902733127468391e+00
1.750000000000000000e+02 4.897866040843349644e+00
1.800000000000000000e+02 1.965466368307875911e+01
1.850000000000000000e+02 1.965466368307875911e+01
1.900000000000000000e+02 4.897866040843356750e+00
1.950000000000000000e+02 3.412902733127461286e+00
2.000000000000000000e+02 2.705492549063303276e+00
2.050000000000000000e+02 2.277524952269495806e+00
2.100000000000000000e+02 1.985859919185141820e+00
2.150000000000000000e+02 1.772115038205992699e+00
2.200000000000000000e+02 1.607575772067980191e+00
2.250000000000000000e+02 1.476322113922020840e+00
2.300000000000000000e+02 1.368753232531927155e+00
2.350000000000000000e+02 1.278705113621545708e+00
2.400000000000000000e+02 1.202023403514855593e+00
2.450000000000000000e+02 1.135797385989623098e+00
2.500000000000000000e+02 1.077921853949397546e+00
2.550000000000000000e+02 1.026833295018480863e+00
2.600000000000000000e+02 9.813441311430644021e-01
2.650000000000000000e+02 9.405347667009995583e-01
2.700000000000000000e+02 9.036810982267869941e-01
2.750000000000000000e+02 8.702045304896759426e-01
2.800000000000000000e+02 8.396367045647478156e-01
2.850000000000000000e+02 8.115940948076342254e-01
2.900000000000000000e+02 7.857593789815552343e-01
2.950000000000000000e+02 7.618675524261905307e-01
3.000000000000000000e+02 7.396954261892743077e-01
3.050000000000000000e+02 7.190535789738586869e-01
3.100000000000000000e+02 6.997801151315975465e-01
3.150000000000000000e+02 6.817357700914380425e-01
3.200000000000000000e+02 6.648000336192462223e-01
3.250000000000000000e+02 6.488680507394758434e-01
3.300000000000000000e+02 6.338481230894950080e-01
3.350000000000000000e+02 6.196596783895125249e-01
3.400000000000000000e+02 6.062316081671027534e-01
3.450000000000000000e+02 5.935008976125594193e-01
3.500000000000000000e+02 5.814114889926450536e-01
3.550000000000000000e+02 5.699133331584208539e-01
3.600000000000000000e+02 5.589615935726490736e-01
